3945
48810 -45869
-53653 53639
-36353 -19414
29843 -26604
-8003 5997
51228 -22389
-62027 264
29727 1619
6175 -59983
49781 1031
-42875 29549
-43563 60010
62704 -38600
-49641 -29134
-12792 -15200
54049 -38125
-36143 -62843
18739 56282
-3253 -57149
26875 23559
42034 -21557
50659 -41930
-9329 37585
-41570 -6871
62857 27687
9156 51138
33647 -18842
-58245 16678
62604 61433
-23513 -11709
60932 4461
41232 5618
-38588 -39223
23340 20602
18524 -2823
35615 40741
-49388 -3482
53932 -32370
-17009 -48742
58994 -62583
38401 38712
-42775 -15586
64592 -62755
37223 -28882
25120 -43977
62337 26416
-43225 -47169
10548 31035
-47011 -55888
-25586 -57256
-25983 22152
-26526 -65367
-35003 57693
-55317 -404
-60657 62868
29929 -35344
-13857 -53007
-32677 -9047
-33778 52919
34688 55127
19335 -33824
-62014 -26164
61630 -49490
-34929 -7109
-20676 49054
648 -43615
-27243 -20527
9014 -48022
-24257 -28576
23334 57965
19547 43135
55645 -2160
3611 -18283
23310 -45339
-20680 -43586
60995 53856
44517 -43452
552 -11940
-16544 -51246
-58048 -35479
450 -21087
28756 7548
21123 7762
54811 -6862
-55742 21028
-13645 42170
52800 -33452
-2843 -9895
-52908 32516
-1107 -33729
-59955 -23627
-8924 53904
49203 62430
27432 -44552
29545 31648
-51744 -49142
52720 8201
50395 17413
54419 22918
53868 -11581
28423 -17869
54240 -11805
15008 32959
-56629 23299
15299 6497
-329 41685
47918 -9552
-61344 -32709
10041 -11896
34601 -12764
-32368 -62138
-465 -25918
10194 13693
46199 14048
-37045 -21834
-51573 22937
8189 23136
2331 22298
25856 16138
-40828 -58009
-47570 18372
14822 33902
-57237 -3307
-39301 -17532
-20478 -16134
35899 56441
-16716 33435
-49335 43073
-21816 -46401
-4692 -42907
-32234 -60249
38345 -25808
-17240 -47870
-54276 13614
38894 26169
26473 -3637
525 -22305
49958 29646
54213 -60956
-17942 62296
-15013 -41562
-63446 -31631
-2239 43083
18883 -1774
11670 -56134
-4915 -54138
-1506 1555
-1167 30117
-39476 24042
-14202 -63364
-49671 22457
-39858 -22473
40254 -60163
55669 59696
47012 -14492
44058 18486
-48542 10856
-55481 40053
28608 -12899
19318 64663
-60100 14592
-28120 -17523
63958 64783
53242 -65053
-40171 -40176
-24122 35687
38361 -32493
8504 -65177
33677 59463
47467 24794
40601 -56187
-54207 46451
13282 -9167
26953 32327
3688 -51061
-27868 -59788
-20096 -41186
54448 -9486
-39564 -29207
50405 53473
10536 -28005
16615 -38796
-19081 40774
15421 -1644
-63682 8864
27378 41626
13293 -35920
42426 29055
23363 39256
-32624 -51558
34524 8480
-20089 56961
-16193 8567
59102 3865
-9015 -64052
23874 49681
-35261 59231
-24421 22478
13794 -23770
40587 -4784
-16064 -64808
-48430 30842
-29055 34606
-18665 -61232
14897 61047
-20933 -7638
-7442 63417
-7545 -62481
59546 30541
58837 -32295
-39285 -50247
-8902 -61224
-44052 52465
-51877 -35718
13299 33023
55583 -23950
-44277 -11627
-61243 30655
49304 -16147
-13142 -21269
10674 -9022
42393 -20608
15075 -18219
-9940 -16294
-53630 -38304
-3110 27647
-34256 22172
55318 -27755
48510 35577
33986 -12685
-30149 15598
39214 -38993
-51258 19686
-51922 -12142
15848 -50968
-32506 44984
60078 -53153
-56060 -57439
-56795 -49692
30337 -35700
-23149 -64011
38936 -56143
7316 -37427
-57502 11293
-17636 59555
54352 -17612
-25388 34295
-5474 -61226
23227 -63371
-42565 -30508
-28038 27265
198 -44114
-38444 -29737
-44793 46104
37410 -37932
33406 -20497
24119 -19573
-46962 30684
14849 -7235
42225 -17616
-59843 -16571
54121 24215
36702 52989
-10830 36564
58904 53160
-26523 -41172
46765 4543
11930 -33785
13342 -19570
33711 22409
42118 -42359
27234 44330
-17436 -28207
3202 -34992
56639 38287
29814 14934
-65177 -55185
-32107 30313
55992 38552
-54996 -30118
-24573 25946
-17311 57969
41647 -51265
-53552 50800
-37793 42288
16898 4493
6820 -59322
-43274 -11809
31270 22205
-32962 -57119
37032 39016
-54604 27314
-41350 -18626
-27217 56825
-33902 -971
-52556 13083
33745 -55752
-31190 -61112
61915 7223
-64813 -45475
-23487 -47074
44831 24561
-1141 47142
-45315 -23301
21493 -44670
-48579 38309
-37614 -19783
-5241 -58615
24141 6973
48822 -29234
17933 -48461
-20450 -40445
-10616 -33864
3577 -32638
4884 -34898
-63758 -31871
51023 -13815
43784 33217
-8850 59017
-28050 35456
-15573 -12203
55089 61689
-49119 14121
48555 -45548
59435 -7812
-28389 -10340
35229 -45527
34224 25893
-63883 56456
-58549 16813
11906 -62045
48954 2705
55308 -3538
-39892 10468
55496 3587
-35514 24225
-49171 -41223
-23397 -2846
-50278 -16789
23721 -63195
40279 -29499
36544 -34260
26788 25292
-34903 26477
-65486 19958
-56919 -38969
16052 -7183
39188 -20828
5982 -54346
-60966 28651
52975 -55958
-38948 5436
11250 -28695
-64249 -32179
-25715 -53187
30740 -30485
-53016 20259
39167 -37705
30173 25748
-37276 -29950
44010 -36586
59761 60344
-15425 -29353
-44190 -53711
8769 -17246
41280 12022
-47257 -141
-64036 3117
13828 30527
31095 4819
-17985 -61730
-4505 57065
56764 57924
38915 -12352
55581 -33941
34088 -53900
1217 -55725
38246 -56289
1237 -60246
-62246 -39939
55334 42217
-63086 32768
-22324 -46885
14566 31018
2009 14548
45383 -55060
19182 -15234
58701 31737
60265 64342
-24987 -17527
-1366 -61537
54624 -45499
9576 57168
17966 39282
3010 -22818
11084 8030
61397 35696
27243 28966
4842 51432
-13929 44439
38246 26724
64944 24732
26055 13238
-60720 51315
6992 -59067
-60742 6381
-16837 -53324
27321 64819
-47796 19140
33983 -20740
-48683 44055
12302 -9842
-47971 31697
10141 -48683
-8216 17672
42645 -33214
31027 -11595
-47111 59298
58992 54334
-6070 61439
-3959 -28638
-21308 21094
10129 52438
-43886 51625
62454 -32708
-29094 -65110
78 18785
1011 52210
34679 -41046
60304 -59576
-2826 -30723
-48919 51609
3064 57813
-14582 16293
-41353 39647
-14313 31053
-18148 8357
-49999 49647
-55509 -32055
-4610 53849
-55666 62260
30478 -13697
39817 33366
-3747 25030
26156 28918
11439 -56712
-30718 12934
-33693 -48915
8297 -42336
-59725 -18821
-14541 -27733
-21515 -53838
63454 -1772
5097 -31561
28290 -42811
-22515 -37659
-62400 19437
-40235 -64279
52379 44205
-63591 -54918
27570 49831
13637 20857
35851 -48695
-57034 26032
-30836 53018
-19343 29647
51973 520
-39599 50775
59564 -55816
-26493 -18317
1081 15258
36353 -13015
45744 -61275
36239 -3146
-62910 -34296
11895 17561
3880 39402
-20506 45446
45983 -41360
430 44386
58932 23865
28484 34311
39326 -65228
21528 -48477
58786 -25610
23492 16856
24095 57038
-7014 -55837
-14968 -4363
9549 -36547
-12997 37598
-55373 1447
35278 -10867
-28597 36658
12652 -20826
51321 -57065
49883 61007
-47478 63125
-63438 -47128
37728 -23079
24731 -59926
-20343 -38086
17247 22278
45677 -977
-47906 47104
60533 -5766
7544 -35796
-63783 -41690
2807 12940
-9869 8799
43897 -58972
21436 64766
61893 -19224
-37124 60401
-6211 -24446
57177 3220
11697 25017
-64526 56746
-59525 -63999
-58925 -19457
53516 -30399
-53147 -39219
2735 -19518
-15006 4277
45991 43317
-11780 43871
45678 -54416
-18929 -65045
16291 -60899
18964 2181
-27643 -17753
-35777 14284
59195 9097
16701 11449
5211 -20295
60869 -14262
36320 63269
49784 46144
-34840 42156
39461 57527
31631 1786
55224 41137
35762 10806
43732 -31646
27024 -24674
18584 61452
-56624 8754
-190 3244
-24211 59342
-47518 -7682
-12650 -34555
46815 64711
26113 -8687
-48795 9250
-32133 62035
-3699 29893
2838 13334
8275 27144
9862 -523
-63221 64370
41761 -7419
18192 -41621
57711 -42969
-63901 -50931
-30181 -15418
64010 34200
-64574 -10354
-13704 19335
-65115 903
-61490 20985
-54351 50221
-32179 22961
-33882 25131
41715 51410
50463 -63583
13973 -14581
-53541 -9395
60274 -26578
43571 57555
-798 -48999
32438 -28392
24653 -42481
58221 -5971
56410 -38010
-6387 9695
25888 51686
-15259 -50571
-24731 -1324
56788 41328
-44197 -59142
11941 10994
7343 43424
41985 46672
65094 -20524
59288 -40965
33099 -13671
-54619 53262
-63492 -42517
59828 -52755
31457 -16588
-27690 52288
-18557 4325
-2248 45377
62095 16007
-41451 -46603
-55321 41644
17115 -62192
-46290 -13143
-37437 -20812
-36109 -30625
13784 63090
49369 33671
36631 59588
14009 832
37270 -2065
-32528 -15389
6402 9803
41370 -18601
-2193 -60376
42641 13678
37289 -59757
4870 39597
57648 -6708
-65057 5999
20478 -13050
-6458 24919
45825 -26742
7281 17538
42143 -34295
-56595 -30983
-1989 37586
64391 -42658
-13210 2034
-8265 22460
27168 46583
35681 45361
28017 5402
16556 -31589
1040 -45130
64112 59969
-15681 26769
44364 -57516
-26475 -27293
-18672 -40913
-52564 -27759
62037 -51113
-2674 -4348
-21239 -22820
-41603 25904
49977 -3804
-29671 36659
-12187 -42789
-58266 -49570
51009 36987
63690 -9938
25753 9035
-64375 -43466
43921 4942
9125 -31144
-44573 -20479
28620 -37487
54750 18247
2171 -62815
-1745 -23867
-20339 -64653
-17423 50457
45693 -41674
-24506 42965
40136 14634
8171 -55257
-50184 -38462
61385 -42728
-12825 30421
23291 -34433
-3856 -2583
-20393 33198
-39087 -20118
-29065 48890
-61085 27150
-59156 16313
62591 14012
27120 -16572
26742 -30008
8034 -7540
-35269 -54747
-27271 -60717
20468 -31536
-34296 -11070
47865 12848
-7674 14595
-34201 21907
-16987 -3636
4773 -51445
55830 -8495
36450 11822
34266 34669
49105 49926
15890 -17215
44602 25002
-56556 -39651
-37555 35486
4433 45263
-29866 1961
38271 3346
-48833 -57171
-42976 -39909
49815 19234
-56790 -28568
-47696 38196
49807 23160
28039 22797
-34872 64160
30801 -48405
-40649 47038
-29178 -46189
3859 19671
13978 35847
61470 -61776
-45667 -20239
-6878 -20089
-401 -4857
-38632 -23457
-18599 -3369
-38387 -23997
-40866 27668
40300 53253
10504 6724
-3519 26171
-35881 61730
-17861 -7724
39572 18320
-5927 7412
-8819 -61075
-6088 8101
-3770 -8172
-48942 -44583
9053 -20408
-10242 -5988
-12775 16790
-23296 51106
-9484 26030
64881 -22473
31536 26608
35907 61416
30729 -57436
-16357 -32196
-28471 32503
-14040 -46264
5125 11769
-52330 21512
-53375 39822
-19339 -53972
35972 -58127
-43571 13076
-5915 23483
44615 26953
-4962 -24759
-50180 -12428
59794 -48858
54772 -33807
-10514 -11116
-12893 -39731
-60418 29859
-53867 -52324
54301 -38747
51333 -36531
33606 -40348
21429 -17205
49090 -6882
-9525 -6335
-2707 50500
-40216 61855
51478 -59011
49211 -8148
-2696 -17524
-19878 -4772
-40084 -65188
44738 11809
-45718 -26966
14496 -21793
35384 -1352
8553 -41983
34235 44970
62263 23633
60887 -25831
-28345 64822
-18674 8777
-21944 -27275
-60699 53074
-60607 60556
-8517 -61365
10175 36290
34629 30103
-17093 -63965
-4801 -47253
1873 -43380
52525 -43898
13562 -59858
-22621 -64242
-30138 -28866
7980 9793
-16459 -10917
42222 -22877
-12377 -45399
-35091 63859
-6247 22307
62520 29945
-39971 -17496
-58839 23240
-27493 46534
-64254 -31303
-43929 -25124
-33525 23365
9977 -2313
-63373 48143
47620 59592
-5375 1504
-34440 42505
465 -18179
-44239 19738
-3499 30289
54636 12336
-58852 50454
32669 55871
-5734 -12073
-14241 -16809
6986 -32258
59090 53355
-33873 -58327
-8848 27230
28986 36218
11684 60556
-5801 9104
-24765 12716
-40912 10844
-32892 -19940
28061 -57198
-30322 -8750
43382 34754
54289 17089
-24536 -49117
25673 47201
-65452 5663
21754 -15366
30614 -1851
-44988 59799
47243 -52846
12073 65012
-36611 -50680
-4698 47567
51935 62716
30514 -47972
-5067 25621
-54946 -39124
-13473 55243
-44253 -46923
-51150 -7859
6825 -41692
49672 -62574
18944 -28657
-17924 -21580
20427 -10822
-42985 55622
-14615 61976
-8782 -7828
-1422 30915
-39982 -56232
-25579 62666
60893 40822
-55534 22047
-36620 -64518
-3263 -2870
40708 962
-32056 43472
65450 27971
19063 -49282
38800 -21651
-3367 59239
-16871 -28391
33162 -17641
2213 48169
-31024 2225
1009 27970
17554 17179
-53235 -17999
-60464 -25684
-20998 38956
-41368 -51511
-61961 -61143
4366 15662
38670 -44029
17776 18277
-35544 11498
-38700 -5088
-43915 -12095
-26382 -45060
59781 19939
-48659 33518
-700 -49727
-58316 -16698
-2654 40387
-54529 62050
54224 -30882
31609 45076
56363 15196
-41098 24196
24235 -35496
-42605 -9208
-1486 40494
-57004 2007
62934 51755
-53370 -55310
-27615 6101
-33477 35903
-40380 65218
25904 19946
2309 58420
39523 -53885
-6167 18677
-13736 57749
-58266 -12524
61136 61561
-3307 -25699
28566 -48223
-17508 -61096
48132 29264
22925 35467
19945 -6158
-23702 -27752
35241 -50288
8326 -62607
-44361 53032
-12801 -7835
-59088 39502
17288 -25401
-23686 16261
-26488 54522
-29501 7993
-26837 906
-52302 43701
46298 47809
32071 60276
-30432 -54503
62026 -1829
-65312 -19629
-39926 -42437
15966 -57947
-50283 -2481
39747 37430
883 -37592
-59579 60088
-17778 35142
20356 -30345
-35144 -2262
52393 -45950
64579 -52635
-33769 47146
47486 -41649
-37389 -43969
5478 -5553
-30378 -65129
56506 29291
-13508 44699
24502 -36440
62380 52724
41773 29631
22576 36491
23664 636
37800 -10331
-61218 -6678
-4259 29990
-23331 -60957
26084 10656
-38765 12774
56018 -63403
-44237 -22160
-46349 43897
19488 -2284
-52410 -167
-48218 -55769
53858 15902
-64090 37283
-38651 24801
62558 -25144
30492 -39302
41319 -36387
-55795 -33972
60564 6884
-28385 -37545
32914 -25297
64496 51465
19512 -16254
64439 -32350
-44343 45741
-36351 -56384
-37050 -7427
-17100 36827
-42354 -63177
-18646 12325
16019 -7257
55519 61767
63752 46393
-24464 17543
-48015 -11774
-19970 19316
5781 63146
-19960 48528
-6376 44267
7838 6935
51132 62779
-25499 10227
-13628 -35202
6739 -59494
-39112 -29073
45027 -45763
-63831 53592
23571 -20258
-27209 34432
21400 -42763
55193 20781
-13837 -35256
31322 19689
13705 51012
64419 26398
-50702 -54661
-9580 42667
8483 -13444
-28911 46751
-46834 -3276
17984 29929
61310 -8071
53064 -54409
57324 -22164
-54518 7633
-37926 -44655
50599 -29359
-9343 -23870
35623 7319
17809 -48745
23524 -59154
25351 -15430
-12525 13617
-31767 -48305
-15030 29394
-51368 26835
-44401 44342
-51294 43851
-15752 26572
53025 29885
43068 47673
64216 -42721
-49104 42434
56368 46363
-20959 -9957
-34570 24589
-34122 21785
63761 35279
494 -43527
-14037 31210
-28472 -5838
30453 39616
-35501 5471
-30912 -43769
-52997 62564
59490 9535
43251 47301
-26833 -55927
-64460 19669
-57110 36464
-56218 17097
65533 -3041
-39423 -23349
42711 3184
15614 -28811
-48952 -58884
24123 63024
28019 38548
-34112 -61759
5640 -43998
52050 18110
-19730 -22165
50728 48494
-45406 47248
16512 26398
-11081 42212
48647 -22021
-44307 32822
58389 62922
-29500 -31679
-64955 -44001
-47843 16242
52779 -37968
-53621 47408
-52690 33061
32172 -46304
51287 -57532
-54426 -43233
-55682 165
-37066 42812
20873 -9169
33589 -11622
-38180 -59501
-25872 64
58383 -15569
-49454 62701
-5167 -60764
-3140 33718
42935 56762
43876 -12586
-28758 -28184
36317 -3030
-22099 11865
8422 20974
50969 405
17360 -23072
-39005 37449
-7501 25035
-4330 48015
-17304 -48505
51714 31793
26302 -54180
40808 7596
32297 16911
20049 37891
-21024 4236
-35437 17171
19909 42701
12158 2075
-62746 -38397
-11177 -29181
-24056 25302
-21129 37339
4345 -40673
34090 -53710
1440 -40409
-21512 -47359
-53505 57799
-26792 -32537
-14304 35692
22050 43335
24877 -63563
22598 -15983
53258 -39816
-8445 45602
-29744 -37471
-43807 -37087
-37560 28359
-60563 6598
49542 -12708
-33870 9133
12047 -45065
39540 36067
65445 4154
-11287 -18129
37204 -45077
-42291 -21987
53307 55331
20319 3621
-45754 -1603
27027 53814
2173 22450
-41132 16279
31988 -58181
-11683 44578
-64571 -48898
-63177 -28458
33338 -1233
12093 3540
26166 41504
-29781 37339
-1325 7672
-24877 24064
5623 20280
19772 -45956
49598 -10158
-11727 -40810
15048 23086
-43392 -6226
-11022 -31021
-51926 1409
44743 -28756
29362 -27268
7999 -20528
-21663 9576
-16236 -50851
61262 17768
-14592 14425
-3196 -39162
-10763 -32796
-61605 48091
-17092 30306
-35719 5491
9510 -53721
41866 -24090
-58826 -51744
-36259 -60562
-26757 -17132
-34149 15252
2583 -8967
-27518 44418
-30018 -28575
-50904 58846
54050 11440
-24373 16672
-30669 -305
-27149 11707
-4300 3496
-19863 -39295
32092 -57675
31454 55880
32794 -50966
20459 -45562
-32051 37014
-27352 17909
34724 -54042
-57911 -60117
-43620 4765
-46641 53159
-17020 65191
38312 -45291
-3273 -37980
-46510 49622
-33357 -44889
-41928 -65497
18985 56142
55898 -15854
-2981 -52401
32467 36471
54412 -7486
7586 22917
63209 10960
30511 -65239
-21830 58553
21876 -28774
-15806 6964
-7762 17271
-24485 -34256
34350 -366
-46623 15221
33613 44855
64366 7057
32888 -16425
-21067 34120
25294 47542
-32707 61231
-59610 50740
-18790 -54244
62885 32927
-31744 -42270
4807 -61101
-62424 8727
11138 28956
58280 51864
-45965 42436
61406 30783
-40027 9584
-37748 -62695
-15114 -54070
-42576 53712
51416 -8234
63127 53199
59083 45892
-42402 -27404
-28804 -30077
50087 31341
17493 -46162
-11758 16030
-10733 30489
19470 -55455
48941 -40616
39711 40957
52902 23409
-41924 6002
-16289 -1176
-30291 -64041
-17198 -28372
44687 -5
-20928 27921
-22326 51571
-11999 47779
14166 1731
41411 57972
1569 60096
-14506 44627
-20125 -20925
48952 -39171
42886 24342
-20724 -41049
-18707 -14809
2490 -44277
-18451 -32890
56588 -30997
45063 -26829
51745 58401
-39686 -22698
-9530 31266
15819 4105
-28088 50982
5542 47647
39415 -28126
-46645 43809
-31488 -21015
-49777 27570
38140 -56136
3477 42628
-61787 56146
-26941 57200
-7703 25202
53384 -35365
-14172 21810
-28908 -5265
53342 53778
42455 -28595
-8200 53854
12797 36224
-31922 35836
-20020 -6220
45812 -24459
44880 18462
-30401 59654
-20289 49031
18730 -50371
25212 35635
46305 21702
-42791 3912
11225 39707
733 6598
-39834 -62597
64530 57936
8571 18651
3938 59092
-41515 9953
-19047 -39999
40485 51424
-56606 -4080
-49080 -19634
-57180 -59938
-11139 -61085
437 -20412
-24446 -56975
-11694 -45785
44926 60202
-37646 57002
17163 16405
62413 -19761
-35088 13126
-5674 17538
64706 -8226
19647 29577
-10052 -57667
26413 -51141
27564 -38002
62915 -18235
20411 -59698
-30208 -22900
1724 30076
-21645 57822
-60507 40885
25402 32974
-55088 -40486
-36294 35803
-48885 -2258
40689 18267
15474 -8150
26721 -53138
5991 54254
-15565 6565
-21135 8281
1030 4700
35219 -39484
56154 -54269
-26351 -60130
50594 11337
-23510 55466
-34052 6995
28192 -35181
58825 -56384
-49328 26094
-37659 21239
11468 -57763
55641 -42083
35967 -13712
-54776 -30703
-17285 -5382
908 60232
44264 27595
-5553 -1757
-4680 37357
-30448 -65459
-10335 -4432
-8844 -29441
-22482 -60560
-36070 -13961
-21023 -39629
63130 51978
-6220 -64899
-31032 38572
-28257 -45324
2674 24081
-24199 43248
-11954 -49100
37519 -5418
-53412 -30868
-3908 61701
49599 -36006
-43105 -64656
47758 38688
-24499 -31668
33881 -53238
-49411 -61208
-8286 12884
10186 1120
-21297 -54713
22816 -11456
-30981 -38302
-29787 -29463
-48218 3299
-40459 -11893
49603 8171
31069 27532
28625 32440
19231 65084
45652 -21796
-6825 -4551
-22946 8441
-30285 -17170
-9245 -64982
-16865 48618
-62900 4100
59400 -39325
30677 -9902
-16421 56771
-41812 9473
56613 -32583
-19842 48388
8989 -22240
49874 -49094
-46136 -18839
24480 44023
-38228 21507
-49276 34954
37573 42142
-32729 18806
13760 8446
22456 18602
-52320 -13004
-36818 -25400
7925 -21750
27994 16921
-62582 -29630
-54026 9032
-8543 35694
-25071 34259
-28523 -7702
2593 -23212
-55201 -57344
-18269 46448
35583 -53654
-5626 -22286
-48473 -19601
-5122 -32984
-62298 -28203
51038 65391
-14490 59990
-18528 29798
1841 -39223
-9550 -47226
-21539 43033
26079 -33626
-40902 -28228
4685 -56768
-29419 -36621
12754 41666
-55539 45079
-20558 -45695
-50589 58281
24983 14587
-52713 -27262
52954 -22088
62910 -36966
-31199 55205
-36254 -56646
-11908 -8074
-22224 -59086
6457 -57998
39056 -43729
-27749 -64210
-35023 -63766
-34499 49035
496 -26347
-33385 -27347
-17360 7912
-11842 22355
48699 45990
-48884 45991
13950 61926
-39858 -32489
-40407 -37286
27052 -43411
9036 13343
18007 -25159
52563 -13875
-33187 -13159
-53322 -14323
49659 43677
-22008 -39410
44900 -29708
-12868 -44762
-44628 39920
-21693 19202
36375 -8899
-7595 -26009
49920 -1512
-5630 29102
63577 -65199
24460 32484
-50406 12723
52512 50328
-26033 -34824
-46298 734
56216 30365
-19723 61621
-22498 -58734
4914 59764
-64170 -31803
-33259 -31715
41490 -39059
13051 22598
-35925 35220
63496 24494
19659 4262
-43551 -49895
51576 25543
-38186 48449
-3331 63546
32839 -6357
-26099 -53276
-57273 37255
-58088 20387
-28325 -11415
57593 55135
-15671 17166
-4219 -36977
25019 61420
49221 57192
-62131 -59233
-65159 -44414
-61980 48721
-64353 -28897
27688 -3089
24240 4287
-20403 -25770
4730 -2878
-8598 36272
-28937 4064
39122 -9689
22009 19599
-9556 18468
62852 24245
-64744 42100
-24987 61722
-64986 -17807
54660 38169
-42625 -6409
22621 -32986
44027 28961
-46458 56284
-13879 -32978
-54446 -11991
-53710 14653
61613 61256
-53474 -4340
33877 64090
-50506 -25732
64197 45967
48878 29616
-28330 57218
31100 -26891
22141 20746
54692 35570
-41075 -53838
-21193 21869
-10588 -33877
-63303 14650
-24670 26263
34809 54336
-9635 -7470
26276 56471
-545 25739
-9008 -9893
62479 -22007
62191 64732
-11450 2195
-21199 25943
49410 -1786
-10984 -22450
-822 -18796
4253 16368
1068 646
20239 42474
-35061 7288
-28420 24992
-56005 15910
262 -54309
32692 46806
37887 -53702
38640 -19030
-49952 -62986
30784 62382
15170 26791
43008 -34755
-56186 46367
-18106 -8193
-44734 40014
23702 -19288
-49488 13850
6626 8021
21340 -53456
53950 8208
33889 62836
-45260 2291
-16242 -5205
-65381 27674
-18506 -3802
19818 -30298
-2533 8849
18254 2973
-51554 -41298
43748 -41048
-31932 35400
60556 49269
21013 -52376
23141 -24096
-48921 -41323
30018 18119
-57894 56932
-17858 48961
-27417 -44105
-19897 -50896
4914 63601
-11116 -45825
-57725 -29712
-33559 39665
-34545 -60463
11735 41334
-9246 9351
55257 -37297
-10676 4754
-42834 37056
7753 -17868
-60726 28123
22670 -20556
-15245 -910
-2741 14980
42917 -1566
58330 -40509
49909 -41976
53975 23887
-14530 -11035
-18332 41720
32011 53276
-57669 24449
-18767 -56386
19820 59750
-7355 52191
-15331 -64874
-17454 20461
-34848 35996
58067 13864
56936 30929
-60041 54023
-36938 -20762
24662 -2130
-29794 -37419
-586 4941
-13009 44892
-16062 -54464
-5747 20928
-50963 -13856
-31822 -47064
-57054 -17540
2303 -62179
11731 19132
43427 -53013
-8436 20913
-62452 64163
-16152 -10494
32835 54326
18528 4079
-7113 -52657
36638 -62831
-64203 20839
-52991 -34971
-364 -8024
24817 -50398
-12631 15781
-33666 23817
63911 61584
4289 3323
65049 5034
36206 -44473
-39426 49929
-26801 -19622
54351 63045
52769 46288
33629 -3385
51539 38833
-18587 -50718
37284 -5127
-55004 62408
59761 -24598
39862 -50180
23029 -46562
-55902 -54890
326 -18257
65526 -44840
61276 -56240
39300 -16286
41788 52629
-37610 -25543
12831 -10389
7492 -7770
39100 -65004
12019 -17952
-62434 -56966
-48725 -48438
51419 62700
14218 1053
-36822 -22819
39575 -133
18313 -62392
29404 -15195
-52450 -64274
63965 -62577
-24371 57477
26992 47079
32814 -57077
35029 -2747
-22297 17672
1416 -37961
-47392 31260
-52083 -16419
-45483 -987
-62412 -52637
-47194 -28568
-41439 34183
-37511 -47505
-9660 12559
458 -63861
-23032 30384
62685 -11413
45228 -48858
-64038 -29021
-523 -31030
-19148 23333
39650 -13322
-46603 5895
-8982 16010
-44485 -65247
36972 15910
-61765 37869
-6179 13608
-28817 50347
63179 51201
38073 37171
-11650 -60365
35758 62533
-46561 -44433
-23323 8278
41430 -64372
-35773 -46458
11626 -55799
55400 -52
9400 11803
39158 57707
-56176 43784
5038 -6410
5496 44663
45401 61493
-29440 36559
-26672 -38280
-15163 44622
-60884 4312
-40764 -22061
26739 -5469
61559 50810
7889 20001
8003 -20702
20216 37105
12385 11647
-61917 54603
5238 60711
37064 -22923
-21826 -61380
53625 58489
5625 -4713
61702 10476
-49957 1919
-1549 -9112
-63669 48703
63660 56809
55209 -13722
60515 -39532
-29059 25904
8792 -54900
-44316 -51083
38301 -2201
-21187 52102
26230 -14852
-29323 -18694
46143 6610
40024 14155
-52841 21217
60696 40267
24495 64686
-46233 58079
-54149 28655
4248 -16736
-43191 -33349
-405 -58931
-17758 43065
21856 44110
-26002 -34802
14991 45167
-27671 -41650
46872 -16848
55252 -59505
2561 -39595
53087 -7473
-29768 -15834
-53268 28246
-33675 -64611
10277 -55010
-29423 -59498
24461 21466
-37180 15298
12080 -42697
-42298 20714
-38615 -4092
-64730 25135
-37874 -43206
26869 41246
3106 -15001
25715 33612
-14470 -17249
47426 -64449
-4953 -26800
-32356 -53828
59553 -15224
8596 52894
-20136 -21737
46698 -44159
-60925 27733
-8926 -20220
-16511 -15774
-49417 -41033
4305 -27620
-53995 -17815
25604 7486
49781 44619
22584 20231
-53318 -8201
48313 -3921
-49815 55032
-53787 61846
-37059 62758
41911 -54149
21986 43802
28372 -6868
-779 -29735
-64341 41872
62516 -21848
-34895 -35208
23114 2102
-52467 -24082
27936 24813
14861 51460
-2275 -47170
44189 -50332
-19411 52578
-27701 58842
3956 -10147
-32106 -46836
-34830 45191
65018 -52844
-31170 -22005
-9621 30731
34366 -50550
-15218 33792
54785 4903
14633 -58578
-8546 -6459
25973 44196
24539 63780
26301 16807
-58177 6488
-33736 61610
60623 -57750
32716 -3485
8758 60339
47161 -3683
2676 -54216
-56944 46114
52220 -10855
5684 21619
-40682 30593
-60393 -7303
19348 -4546
-1457 13181
-53405 13555
59987 -36083
55423 -6312
-52594 -5006
52153 -62011
41172 12170
-43865 -48649
31336 8332
-24572 2543
-39517 44682
31059 -3283
-65359 56653
-7385 -60136
47144 40360
-30704 -53646
62274 54885
38760 -24618
51663 64537
29501 -47037
-47521 -51586
-36237 29890
-29453 -16789
21027 41296
50747 33800
-30281 48161
-36749 43018
16689 -54558
-11778 -27477
-48502 -22572
32016 -49710
12120 7982
65429 -54753
-1376 -306
64119 4936
46166 -3115
20742 -39517
-23102 -21997
-44296 -54301
-25445 38900
-18274 823
-23566 -58937
-43851 -5646
36868 -57770
-4282 -1687
-4168 56797
62075 7251
38989 43407
-4723 26098
-28868 -49851
-15985 -61698
61921 63537
-36498 22296
41480 14300
-65400 -3269
43877 -63290
23232 -35112
51929 -16677
-52800 51789
46781 -52630
-41149 24392
-52144 29124
-63401 -45917
-2717 -44557
-2459 -54505
27786 22096
-47198 -36970
-14187 -5595
-25120 -41059
58846 -58780
2742 49775
54700 -4009
-702 -12607
-17415 28551
55564 52446
-31166 9316
-47189 20617
37561 9831
-37500 -1958
-24427 -33862
-51561 21397
-48613 -58497
-18923 -1590
56688 50029
40190 -14724
44707 -40780
-22503 -8102
59476 -60105
-21770 -1133
-57981 -29533
33116 22022
53671 56856
-43674 16286
-58722 480
-53800 56916
-31643 -15427
-10659 56210
55120 -43187
-41185 51070
-15371 -3990
-36542 -4048
33392 -57698
-42401 -22430
-20449 5803
55226 -17703
49368 -21059
16753 -37333
31755 39457
-43850 -22124
-59764 17861
-36854 -55836
6949 629
35854 -8115
-61603 4380
-8927 -25955
-47043 34885
28056 -47917
36730 -29965
63607 54577
-56305 64606
-53945 40444
-30863 -28431
-14789 -60954
63424 13905
23510 12925
20562 -16862
64034 -49349
41502 -28425
46192 -58087
49902 -31784
-11101 -23755
3244 -9277
55388 8101
-2758 -14737
38799 -8718
61764 -55474
-44219 -13212
12496 13314
-49929 -57273
10502 12409
-20000 -37128
7873 -9682
19038 -4997
-59711 -36852
-17611 -46935
-20893 21726
-34557 118
-11122 -47308
-56430 26223
-29237 -31754
-42424 -36463
-57686 -38973
-38693 -51882
-29744 30504
-7422 -53432
-25102 -37622
27978 -59896
58010 -63267
-18742 -33260
12188 -7240
-64304 -37444
58873 10323
-59461 55496
30572 -63772
50799 22016
13578 57208
45028 -16580
58008 -14309
-62232 -28402
62658 51780
-38900 -34975
35382 36453
65171 35345
58661 -4927
-40946 -39317
13612 48784
47135 26833
-15688 44767
-17646 -2344
-17815 45846
38308 -57073
32997 -52428
-56699 41974
47980 27648
19508 -11663
32797 22211
8141 -60993
-1426 60338
-40013 -59819
-33850 47727
-42567 -46456
16101 -10575
-28694 40763
-37009 -58262
18737 -29708
25607 -2832
11018 57071
-44959 -12574
-10694 -45813
47143 62686
21537 -38685
28812 49865
-270 35140
29650 -37027
41764 39832
-36917 -15827
-40020 13993
45894 54565
9375 47874
-11537 -11635
-29262 43712
1054 26223
-43413 15008
-2988 -5272
24596 46066
29120 -42939
19024 -50519
-42076 4734
54270 -15538
58099 -25819
-10858 -26890
-20111 -46367
-31315 -59124
-14540 -8000
-56148 63550
-35748 44622
27466 -5584
-14029 31774
-58166 23862
39768 58621
61717 -64514
21103 36619
7222 55369
23884 -55320
-31522 -21749
-61234 918
-21287 10232
14575 18615
-53883 48555
-17451 59123
61519 -47825
-12071 -48888
50515 42739
-6121 -23891
51909 -18752
20152 -30213
10634 -31220
18679 -39146
1032 -1522
27934 -12297
-6429 64640
-60020 14701
52460 13526
64751 -10647
32762 65461
-17567 -53831
39291 11265
-60033 39041
-43848 44752
26164 58965
-57532 -11629
-42702 51768
22996 36883
-8575 14651
17913 27143
12981 -46495
-39240 60594
-17811 49109
-7783 -2197
-35413 376
16278 59007
63979 7956
40819 4207
-33713 27575
13879 -46261
866 6658
20993 34544
28941 42755
-28381 60862
14033 -30881
43323 -12423
-40391 1663
51102 10378
22818 -50757
-50360 -65179
-26115 -51693
45102 24246
51745 12657
32739 -56357
-32832 -50466
22876 -59152
60984 -47491
41745 -21035
-64819 5801
-5738 -1078
-26142 46358
202 3552
-47027 -19852
55053 -14784
-46678 59704
-53740 22131
-64626 -58378
-23696 -8788
8598 57931
-50470 -28057
-32187 38199
-18820 19942
-55810 1430
21294 -50460
20951 -7249
-17841 -967
-60934 -11937
12073 17505
28696 20700
-19614 54688
-17038 -12493
-57230 -10101
64943 -48231
-13705 -24946
-54667 38763
-63382 31815
-8342 -346
-496 -30250
-28670 -14911
-33318 42182
-55661 -22799
-36869 -15404
644 55324
57130 40736
3608 -18441
29748 -28015
60253 30088
14881 31615
-26090 57144
63076 3575
-33249 -13110
-49481 -5054
8952 14693
16641 -42116
-2893 60262
134 -32312
42012 6313
31887 7667
-18251 59420
-42725 -853
51747 -26537
-28252 31144
-39014 -37813
-22846 -54011
-49026 48239
-20010 -47210
32630 -9145
-64683 5036
56944 -31638
-36622 -17727
-2715 -15570
-28590 38583
-58317 -51812
31170 16758
23761 -31675
-24651 -27848
-40417 34607
-44653 56487
15780 -40478
20889 37901
-25711 -55455
-59198 61643
-50258 15121
-63321 -35311
48053 -17745
47246 56385
-25056 54576
-52482 45168
22052 61216
2339 -34873
3850 -26360
37468 3771
38153 19230
13779 -6028
-48139 61752
-14873 -4604
-28447 -62967
26935 18098
-51917 -6569
-29929 9765
20607 46928
58752 -14074
-31991 15312
8613 7436
-5234 -54635
-58795 -15809
41015 -61396
9658 -65533
-58146 -49891
-9311 -33511
16130 63915
63910 35989
41167 16152
42819 24527
25457 -35757
19359 4812
18216 -52073
-41218 18709
1737 3560
41203 -25684
-12548 -11384
-64069 28793
-58408 62257
-17791 41828
19543 41333
-34781 58865
-64519 -53661
14985 61468
1480 31259
16215 58621
55030 60681
-15345 52250
59956 -50783
39141 -11773
-41368 -28537
-64140 -36710
60498 8842
-56844 36976
38327 -31994
-34858 33699
43370 2540
-12023 -57643
-48730 -58963
61962 -31444
-51557 -51719
41391 -14875
-12766 41099
54089 -55189
-56294 -3620
5274 36851
-49456 31121
31021 -3579
-3775 -23100
-64081 -39501
-49493 -56025
-37644 -34304
-17125 11948
26309 -51864
45803 -37552
31698 -57802
-40060 16359
-45772 -10647
40379 31882
3589 13291
38731 41454
-38704 -58578
9435 30911
36818 -29482
-59010 -18339
-22903 20961
58695 31890
57356 -7250
11946 -55012
-62224 28266
39208 -14555
57871 -32770
-61906 37050
11560 -14497
46100 18996
19029 -51750
58562 -57371
49101 38941
-53221 -325
3927 14198
-33962 16222
-56855 -19520
41926 -35108
-44166 53890
45514 27687
56211 -11210
-6008 -48130
39409 14917
-41768 -58347
-7323 33842
-7081 48645
27346 34034
18814 50467
38045 41538
18869 -13498
19388 62816
1119 -8321
21561 19701
65075 -16985
-18689 -15761
-44163 -36875
10923 7113
30663 -8525
-33285 13904
8503 30879
45312 56818
-20781 -6016
-49835 -53845
49186 31013
-19059 28879
-14292 32462
-2240 65257
11253 6972
-7625 44152
-5210 57348
-40934 -24010
34315 45394
48405 31937
-59010 -44280
-21873 -13263
-54801 -6808
55198 65171
-2362 -36033
12594 39645
-45580 27881
24700 50242
24801 29675
-33394 -20976
16281 30818
37472 -57165
41852 -2093
59008 24612
-7384 14491
24840 40323
-8796 26140
-53699 11088
40946 44948
32891 6178
26410 -29366
-13042 52975
59995 -2433
-915 -16982
-43660 17210
-65162 -3763
-6964 52781
9450 22757
29627 -35615
-48998 15112
-6434 -11232
17987 -47942
-1125 62196
8843 -51156
-45530 58112
-20224 -37610
56755 29879
47204 -36639
16693 -46190
6440 -25006
25738 42840
-5233 -61534
54101 -13820
-45874 22987
-30618 -16447
38878 -60675
53762 -3475
-34724 51308
-45272 50005
36835 7705
29498 -25058
-64558 12661
25511 35974
26830 15281
-34681 -33535
41197 -27956
-38333 7425
-29025 3457
-12893 37079
4716 -9965
5448 7722
-31667 21909
19424 -45666
15732 -41719
-7821 -8481
24250 19264
22548 47478
-26215 37538
-20089 -15198
-37682 -26085
-62253 -57050
-56956 31754
52043 -22872
52894 -63550
62344 45575
-31277 -28078
-36286 40223
-48930 769
39484 -29291
12038 6639
-5492 10686
45181 -45765
64624 35778
-61611 -133
-24209 8731
55620 -17713
-15935 -34694
26592 -50101
-44992 8464
13355 11893
-22274 58756
-58623 -4813
17094 -32257
17710 -27624
-29019 56634
-34562 -41888
-24844 -45820
-17536 27359
45653 27872
-5147 62615
58858 -56904
20114 -14613
59382 33856
47277 -55173
50687 63799
61897 16603
26464 -50116
-8668 150
60339 16400
11272 11533
-44026 -59661
43219 28210
-49670 -15870
-47159 12048
-31885 14505
-15114 -17427
6649 15189
22296 23487
7020 -54332
-48397 12621
-34120 32028
6668 -12305
-64605 1269
-13707 -12644
-857 -26220
-33177 28165
-17598 62721
-41050 -22946
-4268 -50481
-401 -64864
-43460 -36583
-14586 7817
32902 16770
21461 -32970
-30803 22727
-28841 -29191
15281 -33791
37172 -61919
-51144 -4241
-25523 35538
17124 49156
-62432 -31321
-31232 61462
-26309 -39491
-11567 10653
-3464 -17908
60554 33108
51601 34969
7990 29224
28984 -18690
-55238 6643
35006 31729
43132 -46132
-23396 17030
51965 46572
-33577 -28813
37160 -60383
-63141 5294
-27498 -58030
-64604 43248
23050 -41020
-44215 -36604
52982 5195
-46943 63175
28416 19356
-49532 46755
11875 -37112
25066 -28499
14837 62971
-45525 54448
25309 16209
57968 -53210
-58863 2678
-53186 44334
41880 -15127
-4380 -41390
11817 10233
9337 -59663
43828 5881
2554 46354
60221 -33777
-21141 -25003
58794 -9727
64705 8147
-27400 -64349
-18830 36307
3668 48155
27804 -64301
9757 -64126
-62599 17343
-44619 55008
-53495 4676
-10846 14999
-48367 24738
-13760 -41607
-15095 -47913
-19364 -58290
9493 -32295
18747 62453
49233 35676
-61683 52282
24158 24177
48103 58123
23719 44989
-63682 32220
-33755 -21328
-51176 38240
53534 -31659
47166 46271
-52042 -16333
20872 11047
-52336 14195
48789 45171
45583 -63520
-59106 5212
41457 -42227
9579 54610
4818 62683
42492 -6985
32927 -25217
-65063 -44843
62325 -3768
60447 59488
27770 -52591
30668 -57263
9192 -12540
-16800 -156
31128 -3594
64544 -1200
-25891 30583
40417 49578
-11620 60913
-63060 61646
7198 -8581
-48584 32537
-55854 -15112
30536 8702
57201 -51731
44560 56752
48450 60413
-16191 51006
38129 -3376
16304 2055
33993 -20407
-49227 -64375
-53130 -61883
-30075 59744
59170 43989
55471 16995
3516 -8973
-25690 -11249
10544 4597
-2004 -30246
-9961 22589
37356 63206
-64561 29543
-43052 56772
55986 -63322
18879 38764
22853 -53077
47069 28600
63909 7419
-19750 63086
34560 -48943
40638 -12088
-16148 15814
-56761 -2840
-23184 -51579
23334 -65478
27296 15942
-26782 4523
-39932 -46066
31962 -43157
-64637 -59506
3457 47118
-48703 -15265
-29128 24159
-35811 -31413
3794 -51893
6428 -29497
36741 -36323
-9667 48956
16440 44942
-48277 51466
50262 -11391
-28358 -60865
-63485 -5255
2821 12996
52279 17252
-55799 -54332
-51773 34913
51227 -18455
-39003 29166
-12830 -48778
53842 50756
-19988 5214
36441 57675
-23788 64068
-47313 -58569
-39120 7312
56095 -57464
65396 38498
-39547 -17687
35621 -45825
-57681 58494
-19507 63266
2209 -20561
25889 7585
-54135 -29239
-5569 6251
2310 -18820
-50920 -910
-18034 -24169
-52139 9582
-25209 -16755
49211 -7960
54931 -12827
-32116 -23118
-29439 18277
-20782 -20393
-59466 -37977
-62712 -55568
-39467 24476
55565 -22520
26674 -38778
2611 -39663
9158 47022
-29585 -43991
54912 11766
23930 -26164
-17382 -38783
-13091 -19288
-38706 37626
-26280 33154
52978 4723
45740 -14566
2014 -27753
-9748 -55621
-6270 -29697
35348 11531
34822 54225
25388 1718
53159 -32245
-5298 -14931
23782 -48614
51185 -14698
-36289 -23063
46719 41847
55613 8167
19101 53683
4093 -61490
49573 12535
-2984 44586
16886 26275
-32994 -33771
-60623 43809
29871 968
-21568 24891
-56123 15955
-48968 44817
22465 49224
-17348 -18336
-19844 -41851
-46266 -48358
56962 15472
46995 2354
-6257 -16680
2961 17642
60715 8506
23869 -48762
-6770 -2223
50987 38589
-34702 -38180
19933 -51590
20634 62774
-55734 6076
-20186 -47097
49737 15209
16192 -40649
41369 20705
-19920 35320
-19865 22121
63402 -14613
24154 61211
-25583 57088
44191 8400
44230 38986
-17551 -62657
26973 64485
43509 -50693
-13108 -32300
6834 28054
3886 -9205
28545 34813
62095 10081
9146 29480
-8154 17072
21637 55139
7460 7997
-34514 -17164
1255 58240
48506 -23435
-22055 -23649
6712 53997
-44906 -16664
14218 36201
4195 1239
-55648 31765
49025 -48219
45504 -55718
22304 326
65349 -59215
-25007 -17242
40562 -62248
64808 64319
28387 -49651
-58974 12842
-36999 28972
-26126 25710
-31530 52057
64153 -62748
-46661 8122
-35108 -64442
-61297 33461
20320 -12608
-23823 4345
-29943 22550
-38515 -61926
-14133 25715
-64315 11142
-17698 -65525
9657 -50155
-46454 -31436
-9531 -24250
-14753 61580
29453 -28044
-4193 49039
-60509 56364
-17427 -44700
39586 26672
3330 21566
-45033 36514
-51792 47919
51403 28937
64654 59653
-61301 12110
19599 31646
-3439 11081
-20626 -15116
55751 60064
-26905 8632
43872 -1512
25588 29466
-11469 -40465
65106 -35286
51947 64696
486 -53570
62978 -4734
-11720 -14961
16345 64455
26441 -27455
-19635 38977
-1166 4667
12285 25900
-43176 8433
46364 20838
-76 -38724
36720 -6899
-27887 -39260
53644 -1395
-31390 -21077
61012 -20576
32011 -41590
64586 50588
-32166 40255
54589 -16314
-12897 43896
17451 -23235
13659 -16235
44199 -14661
-60737 48984
-1165 10348
-21264 -54618
34710 30657
62607 -41643
-49337 39599
-23971 584
-6712 38282
-21247 -24145
17465 518
-37673 -51544
-45366 -41929
23586 -25291
14751 31673
-12520 61861
-23784 31294
-65105 -48426
-64264 56290
-13120 35248
44179 1601
-50211 38401
21584 12171
-22722 -64216
36669 51833
-39607 -7065
31126 -47033
45264 -15785
56123 35296
-11949 -33327
-61176 26084
22966 1897
-27035 8937
-40695 47714
-30249 43826
6497 -50365
55465 51702
59833 -33066
58310 -52297
53589 -17082
8340 -42912
12532 -18919
6370 -32624
39859 2464
-7604 58795
50107 37143
43859 19753
6154 -9040
-35371 -8823
27322 29757
-19403 -39117
39341 31220
38934 19964
15769 34887
7929 -54889
4029 -13451
-26622 -56341
14115 -36978
-49449 -65129
5855 -8273
45136 -6785
35633 -36112
58343 4705
16590 1431
33143 -63354
-24270 -40615
18543 54120
6316 54177
37303 -13584
-43257 -24155
53576 -31797
65433 16592
38165 -63274
-64026 -45228
20647 39097
32633 57992
60863 21172
60331 17326
-3242 -27877
-10757 -54248
22141 31761
-4033 26402
-60252 -53503
-47861 -58558
-8620 -60675
45755 14314
59478 -56008
21271 -54194
-57218 20188
-42203 -27721
-8002 -39048
50914 37981
14447 33705
-64026 -30041
-58510 -14405
28618 -26427
-424 -36302
-21192 56522
-51501 41405
-57421 -26008
24945 42140
-32191 -20639
18938 -7679
-6095 -5512
-10240 43390
-46820 30598
-32721 -64824
48217 -29194
52007 -3925
-47848 16791
-19301 -12841
-9379 305
11576 -27239
17386 -48551
43661 5226
-57517 59378
-3846 -8893
-20306 6014
24578 -12223
33774 14776
1100 -60413
-39728 2203
-19464 60857
3289 50899
-20751 -8753
-54374 -14938
12748 41444
-18701 -22820
294 -43682
14427 11762
-14401 -11691
41566 -1711
-55191 -50550
10538 -49898
39499 40126
-56063 -17925
35668 44481
-23826 -56349
51592 -41597
6473 -64231
-26565 -18244
-52130 24380
35877 10952
51344 29275
37950 -5070
61163 45230
-17965 3581
-55143 52490
11083 18061
-26042 -51003
-674 572
-61730 60260
-43571 38970
-60108 -3997
60127 -25819
-49815 57852
20071 -30685
-58229 -50113
-35443 -8317
-13618 -7320
60012 21419
31854 -35317
15662 -44611
-39717 -40071
-2925 23209
3803 -56188
17675 -35903
-57316 8248
-59158 -11821
-41852 12040
15342 -32364
-17513 -31841
-62652 21360
42032 42786
-61844 -7478
-23430 -6926
-42500 6231
-54739 -11631
62480 -61489
-26190 -62981
37831 -5113
54701 26875
8578 -56637
-23241 -24919
63197 32348
-33830 24780
-21972 -55975
-41743 4906
33640 47265
36004 28813
-24503 -52794
-26936 62187
-48267 -21357
-51468 12037
-56079 3913
63466 60195
52410 8395
19722 -267
11853 -63696
6799 -14005
29936 -54445
-3400 -50233
2837 3736
-18965 -52547
35703 57347
45972 25563
27440 40136
64523 2625
-42282 -29808
57237 -24287
-45739 2652
59997 50036
-34058 -31283
63125 60291
-12380 -23760
23704 -36741
-5812 -35017
-51861 -27868
-51251 -4550
-6490 28116
7901 -14145
-36846 -17296
36825 -44120
921 36951
56731 -21511
-47476 60941
44410 -1961
60724 -40046
40637 44519
45415 761
56853 -36243
64521 57039
-33486 40552
27945 -61255
-51143 -15241
63862 -13931
38217 -60356
41400 -17847
37615 7907
30095 -28525
-39778 52338
45398 17638
-44885 6155
29011 23296
26947 -1186
39506 30002
-42391 34378
-55573 -21285
-14752 29388
52796 -53124
45979 -11456
-61360 -15418
-28668 34884
-47245 -18307
28535 -8945
41709 -58740
-29692 10213
17768 -28975
51784 -16794
-61633 -63480
-54565 35982
-18413 -7761
54216 -32629
-38749 -63955
-13244 37452
-12169 40872
-36904 -42308
14818 -28078
972 18858
-40076 50459
37030 -53347
45094 -36556
-50791 32873
-31158 -61370
27699 -54727
61186 -48967
-40998 -34306
41471 39836
12494 18551
29664 -31759
37186 -51420
-46753 -11624
-61884 41304
27657 26676
-55696 22315
42286 3641
-28579 -50662
58924 54772
2192 -45534
20648 6598
9907 -46656
-3428 49635
-17016 -32727
58432 44510
40506 -39263
-20323 -55656
24499 60607
9585 -12846
37385 -9511
-60918 36039
-9474 27778
-41606 38152
65024 -26076
2933 41773
35296 37129
39438 -31776
50583 49126
20717 -14960
-5714 -59147
-8692 -38323
51938 -50482
36334 48749
5725 -49126
35138 -8532
58195 -59618
41226 -13247
-47322 15085
-5100 -52574
35753 -22649
58081 50483
45244 -29722
-3312 54774
-38023 14868
-39450 34052
-55949 -38531
60916 -42685
56700 -53898
-38950 44495
42987 50283
-57284 -8927
-49927 -18808
53848 -26629
-38144 -32095
-22515 -61542
-26687 47127
-59597 40906
29092 1188
1360 44418
-40512 59597
-15057 -50720
22197 19496
43063 -14128
-63702 -22467
-48102 54106
2364 65362
8316 -44963
46940 63194
-16653 44365
-63305 45056
-42819 40685
-4152 29131
25326 31014
64695 -53725
12477 43439
34023 63650
17875 17820
-47614 -49838
28192 -37500
-53464 38297
-3914 42482
-58853 63802
-17219 -48158
-63511 52768
52946 39851
-12307 22326
-56954 -21559
18255 47773
-24013 -54323
-22411 -10003
-10194 -47771
40278 11746
44551 31359
13178 5314
43277 -6887
-2138 -820
-57658 -15861
-16538 -17356
8679 -17341
37892 -52
-63799 10897
52378 -42604
-36165 51349
-53484 29142
-45637 17528
-7624 -36812
29570 49418
44180 576
-27281 32995
16704 34563
26491 -63945
33972 32395
65130 -33358
-31702 -14434
-33569 -18960
-17868 18901
18302 -42433
43864 22428
65088 -40423
-51772 -15271
-11589 -12431
-15835 -55406
16414 7092
19633 -26612
65510 48635
36773 2954
37178 -10192
35575 49163
12337 59068
-57022 35524
65526 45555
-43997 36269
49169 -55263
50663 -64412
27869 -59352
45241 -30319
13395 27673
-33456 27056
-44624 -63720
24013 -23813
18779 46633
-12275 -1872
-17417 -36672
-37940 -15432
4315 41111
24415 -30385
40614 14214
-2773 12794
-19271 -62652
45053 -35744
-32199 47585
40138 -15904
-51256 -5969
-33151 -59760
-25536 -55624
-46497 851
-36258 42108
-64826 -21330
-9979 -57615
49784 -27140
-60964 7031
-53731 -10524
-55807 -35974
59465 48284
-27979 43319
35448 -40110
46783 -28495
-49683 -8797
-10892 24705
-42014 -10035
-15001 -5492
-42190 48130
59969 9143
-57788 -10396
45340 -7426
8580 5223
22739 40947
62199 7189
-52857 45210
-5404 52680
13352 -11986
-9298 7923
-21149 -61030
43813 -34148
-46985 -8779
6108 57345
38001 -48206
26282 -24520
-12623 17957
-59488 6127
-45466 35764
-63278 -48145
47617 27000
-21247 -41685
22048 50548
-55028 -3579
-47730 -1591
21539 62178
5244 23906
14328 17176
-1145 -6109
-34507 47990
36286 17776
-24328 38438
56834 -33349
22111 -35878
-6785 -59395
-6773 -63848
26781 -11617
-48956 -62846
39019 38379
-41264 47484
-10348 3965
-35530 63934
-35358 -33363
-15915 -19230
55007 13658
-14532 -10063
43054 -29544
50308 -63701
2077 -60112
-50817 63642
-27669 -45666
-47793 -44923
-55412 6886
-59132 -51384
-21764 -55554
20615 12148
-8831 40749
5335 51653
-27543 25628
24462 -16863
-49343 -38830
-45295 25114
62932 45134
64468 8214
5115 -32954
41773 -7648
9057 39616
-55691 -28859
-6461 -5525
49146 7932
-48793 36507
46528 45816
58177 391
32288 36503
-34336 -2146
-36853 62577
-61555 -50945
27934 -7034
-5448 -17040
-59404 -12235
-53961 -43740
59290 -39093
27676 38156
-39877 -40720
42438 -29218
-62597 34685
-11949 -28933
-59882 27679
61310 9652
48941 15820
30582 -64265
23349 57563
-54856 3497
34107 42825
-34671 -62471
-52125 -20487
-28915 3299
48297 -9764
-35444 -2503
-39068 -19680
52249 -2703
23076 -20247
44847 3320
41280 -50637
32439 3733
37781 59813
55765 46857
32514 51700
26948 -29198
21604 48440
10454 -29757
62783 -44792
-42633 -40561
11278 26642
64351 58035
47970 -62021
40966 17660
604 -27872
-42279 -64647
-32508 3976
22450 -23773
6249 38635
16305 -5813
9723 -3388
-25329 39708
19341 -36849
10091 39296
-19405 63736
64496 5685
31756 -26497
-53868 58918
-6350 56356
-42944 51497
8319 -42677
-42190 42738
56611 5808
-42182 11466
20547 -9043
59168 -26063
14847 26258
16900 41676
46211 -15746
-53898 -13225
-28246 -5406
65188 10408
29724 -44320
8120 63015
-53280 64058
-52268 -44541
-32316 -18837
-11339 32484
-36673 -43680
27062 45154
-47248 12127
-30315 27957
-13122 -59616
46889 -20169
-321 -54301
-28607 -59229
-60561 19664
55120 -11999
-24945 52851
-19890 -4651
32585 51261
64854 24266
40386 5171
10687 -36985
-9371 57499
18125 232
23256 17182
-57478 8509
-36725 -60429
-8586 -47847
-14315 18053
53743 -51957
41945 3793
-54527 -6323
-52325 11315
-36891 17636
-20808 -53515
41393 58883
36894 3812
-14245 15113
-51077 26003
1017 40913
-9502 -56062
-48834 50651
-62035 24309
29433 60355
-39059 31297
19293 57524
-26219 50987
42246 -62277
31501 -17155
-18820 -24893
56967 27120
-5112 -27225
27764 -47181
56140 16312
12989 -65067
9351 25381
-16498 39514
-28772 19001
-58081 50870
-65512 13018
-28315 43586
-51872 25022
29852 -7540
22633 31885
19180 63819
-1761 3274
-42439 3588
-61720 54762
32674 -3608
-44800 -42071
18578 36019
-20819 17180
61440 60020
-17591 17970
-23518 -34408
6759 34012
-30028 37759
14234 -17091
63424 57623
58141 48223
-50063 43205
-36368 59031
27778 51068
-60179 10944
-5760 -40016
17618 51906
-62244 62859
-7378 -45098
249 2985
12820 20406
50304 19673
33939 20221
-32280 -20047
-56695 52680
53862 28835
-30463 -10945
-23789 -8682
-20055 30125
25807 -8426
54979 -57722
5763 46170
-43488 7314
8196 17763
11841 4493
17477 59494
40630 -14076
-14414 -30804
-36240 -8190
-43226 2172
23684 37391
21615 -52781
20791 19396
-33383 13561
56894 -58921
28921 -15917
41954 35744
-39458 -24508
-25661 -25291
1365 -17926
-12084 -46534
14449 -56748
-30094 -25314
31535 20102
-36655 54845
14528 39904
-34155 -1368
-56560 -42643
35947 -20559
58531 -32986
49200 -59603
30703 25958
-17779 -53752
10736 -9229
-58824 -14985
-29681 -3919
38817 -54577
-54216 -577
39527 55706
-39154 12236
-28591 -317
16993 59574
-38510 51077
-61166 846
-61029 61454
523 40083
13920 -64099
41657 -4401
59977 55992
-1425 -42868
61274 37986
-16747 -130
-43942 39783
-6003 -2881
43257 45894
51216 -32563
52983 -26175
58445 -24766
-15189 58848
39642 26668
-3879 -59111
44135 42553
51275 -56535
-48920 -47371
54736 -43538
-54482 53961
-56837 26603
-36440 65533
44268 37260
-30703 -55391
64224 -61684
-57786 -63019
8203 -20871
38404 -11491
18991 -44262
37494 43634
18349 -684
-37449 -11907
24627 41313
-14150 -39763
-49735 37739
-55953 -51317
54671 -3875
-35707 -61160
-8321 50682
15482 37689
58355 -18172
39925 10756
29486 16426
21391 -47752
48061 53543
44344 -1440
4855 -36632
-19567 49132
3627 -56253
503 -36739
-43280 13167
-23495 -49144
40591 -36371
64271 -48998
30637 -42868
35980 57463
-20671 -41426
32398 -53035
-41780 41058
62405 54290
-39392 -4431
-29483 36079
-41954 61741
-59567 -1627
-63456 29675
17907 -36364
9302 7357
14267 15414
-65338 -12002
-64053 -37657
-15486 59897
37699 -39564
63565 34676
63834 -27349
35533 -29440
-15383 -54813
-41543 -54431
50517 -26830
-39627 10867
47087 39401
25012 -61429
23051 26605
-22933 45198
3389 -31573
48553 31513
-13197 -9532
-13495 22097
57021 -34919
63360 46726
28609 15359
-33840 18093
-13276 -39479
36121 -40596
51208 -36610
-40300 37637
-2660 -20194
61448 -31024
7686 7957
12806 -36953
62531 -57496
12179 44609
-65388 -64534
57557 -44828
7429 13590
-21492 25864
27989 -65223
-7844 -7747
-3041 -18102
-60401 53338
-48575 38417
-10427 -58903
-61177 -61351
64128 40993
-36127 45693
28724 17716
-29914 -24334
-25215 -58344
1989 56799
26420 25278
37428 40103
8963 20472
3681 44432
-29248 -62111
-17084 62689
-41397 -39701
18755 32539
-41251 -54841
-18777 -65208
54316 45042
17437 13278
20683 56125
4596 -56601
-13592 39369
-11499 -16006
-7715 -56146
-6240 34047
36314 64384
28622 44872
2853 14068
-35635 -51974
25461 -10015
16760 -32184
-7755 34781
-22411 -47807
-36190 45531
-2965 43843
-61620 -45545
-46592 -50805
5714 10907
17934 47258
-29681 -37871
48162 25539
-43287 -57841
-58908 33607
232 -53070
-57160 27454
-12413 -33573
-43338 -8742
52715 9640
50532 -47307
-54723 18778
39365 35652
-20416 -25886
44295 41622
-52000 216
-22555 48082
-21385 46183
46839 -52831
-27518 49691
50054 -8833
-21936 -5403
25823 112
-25837 -15014
-40560 -37978
-63873 -38301
47522 -20750
-19752 -37837
25692 -42620
-52932 64619
22709 -55436
-44902 -59912
27438 51785
3307 -16068
34364 15194
47758 50320
45843 49457
-885 35678
-10821 53847
-24446 -52863
-57239 -31234
-63508 40757
42380 35895
48669 -58060
55956 -62078
-1825 -895
6554 -125
10724 -14519
-51282 14735
-50798 45724
58690 29733
49352 -49910
63291 11628
5679 31376
62938 -49581
12270 -10892
56149 -5226
5212 -31135
14032 42321
-47725 -27112
47626 49450
-49630 -55781
438 -16412
30848 -11507
-21114 -45578
44071 -35541
-3340 59777
-47111 -40722
-23179 -6900
-42627 -20904
-43233 -11346
49014 -39712
-1877 -1613
10379 6337
-39550 -22121
42777 33996
-29733 51508
41714 33407
29153 564
-49879 8855
36437 -8706
15103 -57590
-33421 -25937
30766 36109
-45011 7096
-13583 48611
-49268 -14535
24517 42525
-23148 59322
8713 -10607
-59480 -38894
-12515 11902
23486 -11889
48747 1217
32089 -10394
-23950 6970
-27563 38886
-58898 8075
-26969 48690
2900 -29357
29988 -55182
31452 -28250
21273 -50261
-34981 -35043
-28014 25516
41920 575
-53615 2914
-48477 39638
-60207 -56671
19015 -30926
53487 55783
55280 16098
62848 31270
20502 -45621
-48978 -39346
-37866 -30357
-16211 -20026
-54778 58775
18676 -30207
-32838 -32731
-36537 -53091
-60565 -33657
8461 -59828
57410 -5404
45896 27989
-59668 37503
1664 13662
50148 42926
11559 -58082
-16112 -18703
3265 22087
25952 -60988
-62659 56891
-29197 16788
53312 -62472
-43215 -11305
-15095 9234
52577 -23553
-31801 -46311
33476 -50457
-20838 -3739
4900 -53738
50698 -55300
29612 -36946
-62895 -55650
-27363 21042
54763 -24941
22764 48180
11578 -32336
61591 28544
62555 33561
-59677 -23387
9058 -54316
2711 -63180
-30578 23393
19896 8182
-19784 -20032
-28849 3634
37815 31772
37423 -63568
-40574 53738
