287
42555 10054
-31346 -28609
26594 -23043
-225 60532
-57306 20740
42724 10386
38987 -33697
3954 -57377
26200 -1125
-16732 59615
14946 8427
55227 -7844
-11739 -19185
43683 49420
-37501 48378
-34051 -56929
-27653 -63591
44642 -13550
-54183 22459
-31945 54528
-56374 -56759
22017 -47606
-51974 -10328
-54133 52653
-25323 48414
-20070 -60755
-10313 52252
-56251 -52214
-15385 49744
4086 4122
3441 -38960
36274 53
26914 54319
-49974 51371
32135 53643
48980 14792
51585 34709
-28160 -48071
-19615 -54944
33587 -43962
54997 37996
27328 -40132
-51192 -9531
39150 -48580
30337 59101
-54525 60663
10694 38225
-42662 -32038
65019 28881
56150 -42358
8564 44296
-3419 21802
29113 -56769
24737 26464
13743 -29166
-60435 20780
14302 34858
15346 -52975
11369 -33594
-2103 64113
-29794 -10463
33860 45041
-53417 -17884
651 -24806
-29555 -14950
-4249 7497
-29378 20272
-48509 42109
-6362 57161
14523 -36447
-17179 40946
-36518 -164
34866 40917
-56007 24246
-18470 4338
2142 43106
57828 18446
-52074 -51732
-36000 61878
-16137 62741
28857 -42453
-25357 -8592
58395 -15209
-23627 -56380
-17396 39190
-40511 49183
-54497 -47463
18546 -64098
5024 63627
64293 -39097
-61091 -38633
-4050 -21321
-29435 25485
-9833 10296
8596 24147
5305 31343
-48044 14802
-5958 655
-46137 25148
-27781 -14527
47656 -46812
-25297 -33679
53768 42818
51805 23902
3986 -28572
8082 20067
-13584 8914
-16364 31732
-10179 8696
-37267 -22412
40111 -22960
-40380 -59930
-33467 -55345
-34304 -46809
7831 -46565
-50530 38716
34281 -672
48435 -33878
-44450 -49484
6746 64930
-62601 63895
50292 -17986
-22027 62127
34644 64316
20710 24817
42832 10260
-55321 63601
-63546 36011
-64064 32551
-12825 64521
12959 -5645
-36673 -47668
64154 10324
-28481 -13432
-14989 6842
-31106 -43091
22703 -45940
6832 -38024
-47002 -54447
-24657 10460
13938 -51798
57620 -52326
-2355 -34856
45640 21064
-39606 -29522
54073 63116
54628 6741
-59301 40069
18823 -52887
20257 -17213
-45063 5147
10543 19143
49662 58876
4499 48795
14114 -21043
55996 -13142
-59183 -9429
34226 2003
-58166 -39356
-4925 32717
47363 -12837
-14915 -4110
43951 -19726
60174 61379
32971 9015
25468 23464
-59892 -60161
-27957 33199
-55709 65520
45812 50555
-62375 -54214
49078 -53669
9819 44533
17870 9398
-39931 27640
5775 -3290
-41145 62047
-43257 -12417
-44111 -44008
-58623 50841
-9664 44694
7214 -50136
48954 54997
11327 -16948
20412 -47709
38398 1468
-50102 40651
-16958 2684
54121 -63424
-39142 -47768
-8706 43607
-25357 -28077
-23215 -51085
-23024 61376
-14260 -61848
-3648 -37468
-32231 -33788
43072 62165
-30369 24109
-38719 -20993
4398 10283
-34695 -17122
6023 44779
5242 -34642
55377 -61105
-45278 -41507
57170 40912
-18407 -52001
-31205 -2080
52475 59959
-46560 58377
-36562 -11240
-22793 -24116
-46997 -17826
15741 60956
64024 62124
-15522 -55469
31497 47853
-50094 5335
-41545 -55609
-49989 -13868
26402 -2283
33701 -17268
-63369 30728
16645 47331
-10345 19386
43651 -40303
-42753 26092
31662 -44324
-47977 60578
-56901 -12765
60550 10627
22909 -19918
-3893 46016
22724 -51708
-40830 32784
50993 -55089
48696 65134
13991 -1882
31338 12547
22627 876
45049 -39066
47214 47920
53346 47950
-47678 28645
-40595 15763
-53663 3492
-40248 65174
22460 -38643
-63916 -31944
-48757 -21235
30255 -51618
5729 7259
35087 -21392
7615 -3629
-44037 51303
-55316 -24030
-63769 59587
-22101 52914
10345 54168
5900 37254
52218 41700
-38458 -10128
-6084 50418
-29994 -23351
-35513 -53813
49905 -48635
-49623 60360
28526 22627
32276 -7684
-43425 45958
-42595 -48531
38730 -54809
30550 54180
-21569 -47771
-6818 -31185
55658 -5474
-56747 -31539
-51959 -51690
-43042 -41113
-21234 24601
-57948 3484
-40655 -25129
-8355 11299
39300 22118
-4573 45722
64804 47612
