1009
-36726 -55215
-22241 -49711
3328 62829
7672 -1705
58172 -39312
-22468 -1367
-15735 26124
-31197 36125
6933 -43804
24819 -27880
-5110 -887
22712 -29719
10018 -55047
51342 18657
63873 -1384
-38610 3827
-19498 -51964
-38788 2162
5513 25749
-48150 3187
59357 51387
55284 -469
-25338 7549
-25057 63421
64197 33981
-477 -16031
-45356 -41356
31266 28061
4843 -52309
54274 -47277
18775 -28238
-11397 -25339
-31753 44271
-14198 47991
-13734 23414
14467 -16626
26041 -61928
-61429 -46533
31647 7435
-31016 -54364
36573 -5183
-16223 -29305
-17371 30414
-18858 6097
4541 -44952
-59503 55738
4277 16793
36094 -40767
-27517 -10038
9232 -8347
40962 32254
-56418 32895
27395 -20470
-50046 -6202
58989 37434
-39599 6864
-15991 30504
-46366 -45713
-28487 57456
-12317 -13100
35235 -9019
39920 44743
4680 -30590
55168 -22257
-36206 -41962
-3606 59665
46225 60257
-12603 -18537
9602 -27787
-37569 -48128
58562 2945
-38653 -16894
-20786 8208
-15615 14158
-63443 -39638
-53773 62115
44344 -27300
59540 48762
-28887 -12753
-35587 -55859
-53979 -19819
40046 48271
-28837 -63071
-42794 -48793
-39695 -57810
-52539 -6157
-4739 -53994
49802 -16583
-7942 43529
-6827 -38605
16245 35624
-4883 28089
-50148 47464
-56227 31324
-31687 -557
21448 -17094
14715 35220
-57096 64164
-54862 -35388
19426 39736
-55621 -51411
-30607 -53616
17086 -25236
51273 -23082
-24426 59920
56691 44627
-53323 -37757
-33871 -6363
-59852 8142
-61279 14395
55726 26380
-55014 21560
-53591 -28829
-37636 16162
26820 -59159
50878 -41137
50180 -36151
-26033 -56061
21363 26878
-42143 -22990
-45073 -11493
50506 15294
58200 -38401
-21160 10432
3454 37578
61311 -30252
-14417 31305
-60971 -26570
-53448 -47689
6711 -2189
22981 20453
-25576 -37613
-12253 15796
-45835 -26936
-19322 -14964
-31947 37128
47389 -4673
41120 42657
-11216 26668
-42375 57015
63562 -2797
-834 15003
-10291 45472
30773 -23077
-38697 59120
37024 37522
-65444 -14991
-27307 -64731
46718 -60226
-65492 -13202
31799 -63531
-33645 -15922
52797 -18325
-11978 57038
23017 52834
64054 50970
43055 45527
-38588 55200
7884 -22804
-12711 -29898
-61782 -23155
41605 61627
19263 -467
-63033 32884
-51172 5931
-47702 -4355
-7538 -33661
-8590 -59254
-4891 -3414
31790 28471
5542 -62937
-7793 35657
-14595 -56953
-13536 61570
-56727 6314
-7893 35904
-37718 43069
37394 -52444
44922 21026
-10433 59932
26584 -32503
25613 -52444
-58186 -49400
50508 17325
18457 43905
32570 18705
-8516 -19319
22788 32456
47158 -12651
10928 -7117
55311 -37146
-4710 -18080
-56461 7943
1414 2773
3309 -40234
45817 30987
36295 11013
-60410 10218
-57610 65297
-7538 -3573
-34010 26164
3637 6814
-45755 -63330
54363 63433
38134 3575
-6394 -1672
3922 -24460
31236 49259
17630 4764
11798 -4299
-752 -25388
39098 -12169
-44567 -47996
-51061 -17956
-19560 -34837
25047 -43240
64628 11514
-50878 59787
31849 -41280
-42039 -1881
-48467 20083
-52115 10597
16052 -28003
64653 -47003
-20811 1563
-1284 42537
57060 -31002
-26824 53970
-13854 -11591
12439 64213
7391 -24424
-15012 -54997
37290 60047
-13104 38343
22353 -14544
27180 -50373
9902 -6444
24628 19453
-13199 -49556
39245 -61878
24842 33400
-50312 -23303
-35630 -19751
-3775 33269
-33770 37992
-61120 -50302
-30769 59351
-18785 28129
1081 13224
8144 47028
-12323 64192
-1952 24591
-63897 62138
-61427 -18100
-14276 37969
-59753 -32013
17568 -37129
27224 30251
64691 -35196
-35074 4090
494 -62012
36257 -39222
63814 20172
18733 51057
-38684 10502
41279 -50767
-12235 347
14163 43277
61338 60925
-42714 -38399
-32529 -34851
-15937 7663
-9146 52187
-35475 -46162
52292 33499
50808 -11734
-51786 27639
-6020 -44975
45999 -61582
34727 5164
62167 -15992
-56973 56185
-23484 -50127
37259 -64923
-5051 61883
-11032 -45364
-1329 51800
-14486 -51789
-32738 -333
-13179 25655
-11240 -13243
58608 42343
20818 32534
4326 -6299
38828 -6978
40626 -47880
-26990 44933
-24136 21541
62620 -12894
-29885 31765
-55199 5240
52661 -4915
-33205 -58820
11653 -64661
-63421 -57287
-14763 -45809
54798 -18476
28211 36769
37841 23488
20520 47099
60493 -21059
-11895 48483
-23554 -54296
-52656 13865
-53090 62439
-60440 17307
-11055 58676
-5532 -43480
-46243 -19108
24893 5310
15394 4244
28547 -35376
-20704 -34275
36049 -13898
43696 -12214
17563 27329
-1122 -9347
430 -57405
-34211 -33200
-3099 -24178
63671 -58145
-16289 -6784
54887 -6285
-64012 32206
-40205 47160
-62767 10513
890 65296
-55644 -63487
-3088 41554
13654 59285
37900 62140
-40239 -19370
-36329 31461
48204 35612
-42280 -4402
-22148 9264
46648 58092
-55964 -49340
36152 39272
15886 43684
-23005 -56974
2540 46053
-11469 48784
-33900 -12186
17296 48567
14001 -46541
-22239 -17963
47449 -47425
48711 10692
17637 47021
3488 -30881
-28189 -37925
47662 25397
57967 49885
47295 -59910
-38428 32605
-5841 9067
-16090 25654
-45831 -16010
-20086 24490
-38620 1173
-27112 -15500
1104 -8214
59876 -48364
30852 61866
-1815 35997
-57578 59278
-42550 43586
20862 48582
64687 34889
-24623 6967
-49179 42858
-46869 15934
-59596 -56019
-1998 10371
35208 224
23218 51938
-16776 36990
-25557 25035
34195 50676
-54261 4872
-27781 38122
64146 19770
48873 -62862
62458 -53777
34121 -12757
24869 -36827
64956 52342
34972 -8828
41501 57225
-12488 59151
30792 59132
44932 38802
2215 23249
10345 -31761
64828 14665
-46854 -58544
34053 -1821
58407 29834
54176 29829
-54724 2586
63670 -54191
-31950 -51647
53958 -49084
52088 -51140
21631 -43419
-17095 37193
11986 16181
-49568 11740
30772 -51261
-24452 45386
-14701 54824
12172 34837
-55911 -63656
17394 56588
-14080 53364
48915 -60329
-17137 -14640
-43808 -38304
-16013 29157
-55308 56225
51196 -58687
43307 -58147
-27343 -51236
-40302 -664
-28147 46852
-9313 -44374
-47672 -22218
-34730 -55794
9713 -53030
-18641 46058
19053 -45147
61073 -32287
-38319 -14282
-15079 64545
-11252 -64729
-21044 -43204
-49032 -49043
22897 -25963
-56145 51812
-4213 37408
24018 16619
36805 49157
11321 43650
12630 -16364
29231 43070
56941 -22140
30658 -46158
53184 42822
36114 1662
-39632 -12372
49062 1511
-8915 34513
-27054 -39721
805 -6391
61407 50108
-58769 40261
27866 -50298
33517 31962
55756 -53098
-23474 -4298
-19661 -54289
60145 10638
12107 -5744
14907 32587
8487 43582
20294 16724
-34644 26525
-36320 -6350
-8877 36910
-33717 -58762
-30677 -22113
-14979 -18342
-42792 48397
52456 -23622
402 35720
-43710 -26981
-10169 11278
-10445 -34866
45591 26800
34736 -27616
62084 -26960
34139 17924
19188 -28975
51685 -59749
38207 -45801
48079 -62546
-40942 -37977
40355 -501
-25616 52195
46300 -59734
34104 -3810
41903 -36700
-37267 2810
-64791 -36324
-31218 -4468
-35064 49891
45929 9849
11670 15433
2686 -9975
-7072 26026
39077 24338
-11409 -52556
43094 -42985
20440 1872
-62478 -55911
3684 29140
36728 -32244
-18532 -20852
-40309 -45838
17875 6005
-39119 24106
1256 -27442
36269 -4592
62507 2704
58491 -41144
31636 3753
-2185 -31357
60129 -16978
2188 -47817
-36667 -16314
45526 -46111
-33183 -8837
-22571 -15388
52673 23284
-64178 -50868
-282 -51059
25788 54519
10360 63751
41391 -9668
-51360 -22031
59968 -53813
24622 44009
44181 -24770
34166 -29140
28288 23552
-9790 59795
-12902 35489
12217 -18378
-13491 13128
-47927 17025
10272 -65269
15494 45869
10296 60193
-51947 -55373
-59735 -11479
10861 41791
34436 -55900
34212 20163
-38245 10669
34148 4797
-60712 15729
-44082 -7275
-24763 -40164
-47641 -22840
65109 -10922
-21397 49139
1772 27866
62758 -904
31227 -24178
33724 -17942
29567 40633
-53155 21268
-3958 -40934
-52216 -17192
-37651 -13233
4566 40767
-17672 40900
-37292 -44593
35465 54451
-50628 29418
-59362 51251
-35014 43405
61362 48272
-63255 59836
61457 -47431
-63095 14523
25387 15215
46047 -30786
31101 -18507
-3320 27001
-50232 46276
-36360 27492
33452 -56773
-39199 7586
-23020 -13330
-61111 33799
31442 10913
-51351 24702
-37481 9568
-1922 36002
-43327 -47945
-34363 -57445
-59801 51856
52014 52847
42770 -28504
-43457 -21261
-2063 -2737
43803 42249
2833 52511
-48109 44721
53806 2548
-47184 17858
-58695 -4561
12032 17673
-25407 -10577
-62891 38231
35039 58154
34149 -62645
-39876 -40598
36499 50425
-5211 58966
-31882 59546
63193 25722
16094 -47944
-56733 55838
9244 33799
4474 -56644
-49085 5198
-24024 -57531
54828 53983
26965 39797
15372 4754
26359 29416
53160 10052
-50740 -55995
-15818 62581
-23563 9085
13186 21409
-42670 32374
59616 -61619
-17785 44699
64468 -54181
65172 -12538
-40907 65264
35788 -43737
-53270 40419
-42570 -40048
15798 17035
52484 65413
-6749 -41624
-60551 49435
-3599 7058
-1133 33415
-14025 58303
44114 47720
7150 -46323
21900 -36538
27161 41081
23563 7945
14102 63990
-55795 -4135
50404 515
-4559 49656
46951 63937
21770 1068
-19988 55710
16859 -58098
-10479 -62341
-46506 -48514
-18529 22701
25137 -29463
-60540 -47890
-9667 47910
-55348 -35475
-41827 -9154
46261 -27163
-62813 56345
-23185 24113
-40943 45357
57714 165
-61824 22684
-29967 37531
47197 36772
-42821 42586
53710 4476
28214 -15547
4974 -9840
-26100 -50919
36104 -45567
46477 44949
-49563 -1573
39764 -4487
-30705 -53414
41040 -55460
38857 23488
24833 8923
-24453 -53642
-13459 50477
4683 56943
-57585 -11175
59035 31732
-10808 62327
35331 -47963
27293 31918
42009 6058
9845 19349
47511 12494
50749 64289
-62209 22340
6128 22593
17028 44664
25407 43767
15784 -56970
17434 62174
-30996 40107
44358 -60102
2296 -54692
-61256 -1551
56964 -7197
-35323 -65398
18172 -43790
47699 -27639
-52324 9532
-54077 -15613
47626 54927
974 -25738
-45996 -10000
12276 -57954
12278 -34204
-14942 57327
4256 51558
-7312 60361
1796 41093
-27835 21484
26004 19700
29106 43485
62005 25010
1471 7600
-10849 36310
64324 -7167
-31634 14765
53805 17271
60268 -82
-52769 -478
47298 -1011
34267 -54382
42231 45854
59134 -23627
-34890 -30213
-23443 58181
32850 19510
1316 -8858
-51934 60246
16578 -11014
-43167 -30697
44849 36652
62252 48267
13409 -1374
-44198 -34737
-57559 -24704
16618 -61324
15667 44972
-57863 33874
-16751 -21090
-45857 47738
3187 32828
-26384 -48999
21373 3258
-63641 -18795
-35857 -58947
-18584 20552
310 42845
52294 -32860
-21087 -53049
24853 -32273
8187 6903
-7211 23775
-53108 -25188
8924 32433
-57794 63678
-24494 11083
-8630 -19080
-18731 5541
-7441 35396
14802 -42557
-42499 -61613
-44215 -37246
44315 56430
-14016 -25018
-48578 12618
31908 37102
-8781 5908
-2315 -11347
42268 17665
3903 50605
15326 19536
-45496 -12580
-45407 47828
-7404 50183
21540 3536
-26433 -1775
-42027 24665
-51960 55581
-23484 53671
-39599 -46042
61548 17606
6052 53871
-34954 64668
-65378 26109
-46083 -13601
8678 -4354
-38190 -37535
41361 43471
56173 -46300
44938 -12820
-15171 11283
-39045 58566
47676 47054
-6919 -38771
57414 9916
-52286 52267
28499 -38814
53878 47799
-38654 17134
56902 39899
-14008 43491
63430 -14738
42185 -21375
22366 -2961
-34413 -21622
-22993 49282
63207 60679
-4719 -65250
5947 -28724
-58189 38251
20181 -27385
-23120 13030
-31746 30853
14645 53641
14914 10026
24786 52561
-35518 3811
-39084 54041
-8118 1286
6294 44533
12836 -45167
57250 -32507
8027 -20027
-54081 57921
-43788 25354
16084 63852
35874 -5984
-15862 -61612
45925 47863
-49875 -25865
56236 55715
48187 -63336
-43807 61579
60852 40987
-32052 -40641
47779 -48597
39074 57445
-58082 -64773
46879 26411
-56328 38324
-30169 -6843
48481 -43223
52119 25008
-45527 1329
16786 31453
-46651 -31460
51683 -58636
-10325 -46175
-49682 31685
-44624 -12064
8503 49066
-26068 63512
33662 40337
30858 46141
9180 15989
-36765 -12461
18483 33893
8027 -1780
9383 42935
-25554 4894
-27113 -52653
-10265 59156
54563 17621
-20957 6970
12877 -52986
-1408 28845
39966 40833
-59967 33957
23061 -15261
-21750 13014
29194 17849
-62326 -51358
-19157 53322
-65162 24799
-60101 -40052
-62751 -12347
-22897 -28021
-49416 -61140
42074 43667
796 -53971
-42026 -42036
27207 34543
-11426 -20019
35356 60606
-12215 -51650
52547 54689
-9874 45893
-51879 -47787
-56205 29238
-39583 -41139
27479 -1320
-46009 -55432
33311 5151
56405 13917
-63746 -54235
37820 -15251
61053 -23158
-26257 -8525
12712 45257
-55876 32243
-63473 -60258
36241 -4984
-19833 8825
60653 -51313
-41277 64920
-35576 53500
-59113 5587
22718 23729
4454 -63208
37579 -25097
44759 20800
-37864 37134
-40023 -19337
-7490 -53362
-18012 46764
28181 37799
-49933 -31790
-54565 -42967
22889 48055
11898 57374
46022 -16704
6007 -33444
-19752 -65498
-15215 39101
-9770 18133
1396 46299
-10001 -55750
10239 39680
8393 34542
-13823 13194
36882 30359
-18646 -23657
-28100 47094
-10636 -57086
-37374 -21342
-6510 42212
19181 -11739
-11379 -7115
-59730 4976
-30671 -7057
-10435 -52993
19662 2568
48219 48670
-58280 -38455
20625 -61504
-37684 -389
25052 51696
-53734 -21270
60329 -14041
-29293 37185
-8229 -44469
-39356 -27154
48763 60215
51263 -8515
-15830 -65403
5146 -64558
8481 22175
-19030 -21568
-12083 43019
65233 40396
-63516 52030
-56531 42445
19910 -56511
51912 -8710
-45187 30436
51159 -45625
-21348 52632
64233 46263
-17572 37316
34786 42747
30697 -4362
64379 56365
-15419 27235
-24513 -3465
-1712 -57451
-61636 39964
-26120 -5898
-62883 45967
-39227 -8949
62096 2994
29031 -21659
-32644 989
44140 18613
