3940
-15067 -24280
11299 47574
-40573 -41391
-3168 48746
-35685 -2354
42059 -29345
31697 -2692
42890 -62433
58858 7798
61014 54274
-51941 -16321
30535 -18418
51423 55494
-1461 23943
18967 -37529
45350 -46014
15588 -4067
4975 58046
-60164 23288
9253 -54911
44560 26767
59585 -13515
-38257 19895
65101 14647
-12774 3976
-20922 3556
96 -40926
36 62347
-50998 -61622
-35671 -63520
-11376 -4251
-5387 14030
36802 54892
55030 14306
23557 -31016
21097 -16179
-9727 27905
-28416 -39150
-36675 29643
22032 22995
38025 6004
59584 -23355
-23098 65340
-20539 19937
53641 -41781
-41377 48199
-31252 -15810
-31608 -13134
2866 -65416
430 -26331
-33808 16393
39573 8080
4466 63951
61886 46577
5327 -28697
-20958 44940
-38091 -1900
-18190 28801
-60290 61464
-41360 58781
31982 -24521
-29012 -61995
7136 31728
-24880 -35723
-35415 -30897
47188 16988
641 48810
-44464 842
-43252 -19246
43918 -64881
47090 38496
-18321 63229
-160 42181
44745 61542
62408 53005
54449 -8971
61136 34457
37245 64310
46471 8746
-45625 -42620
33357 -32719
-18937 4347
62233 18412
-4178 21021
21845 -64519
-36597 -21294
37614 44727
45589 41109
12011 -18308
52789 -28856
29870 60554
-59777 9835
-39592 -40290
60800 44202
5118 -49089
-42853 10566
-16565 -26426
57532 8469
16499 31017
-5253 4216
5107 -43622
-64966 -33397
-45931 -28428
33173 -1018
39085 62804
-8184 -9629
-30057 -55252
37560 -58749
-57368 46269
-38089 34661
4445 -10020
3116 -6343
-12686 -50143
-54289 -47324
-29496 -11294
-22183 -50855
27504 60379
-6192 -38858
-17337 -65013
-21198 13146
-39073 65313
-14885 14205
-30103 -54825
-41156 -59952
53916 1021
-36822 51751
-1759 10100
23668 49209
49709 -41480
-5796 13662
19222 -12275
-16973 25349
-46704 -4
-35928 61494
13820 4883
-47210 -40947
-6223 -28050
-40632 4358
-29751 -52274
27919 23209
-19969 36954
53767 3940
-33767 -27075
13565 -12713
30861 -62880
17242 -51478
-59233 27837
27316 -29784
-50254 59667
49157 -33304
-49378 -14396
-14878 -5797
-41026 -54433
-37142 55029
-12470 11895
49292 -5725
31719 22290
-13470 22286
40474 45153
-6826 -33114
-31781 -60986
11044 35833
-38973 -56455
-28937 8061
-29568 59175
-34432 34646
-38807 -47812
11150 12253
-8230 -20799
32490 52484
36859 -64842
6035 62678
47079 -40453
-25371 -49007
32301 27945
-50025 45487
64961 54784
-4036 -54288
-14247 -60374
23680 -25525
8894 2964
-4734 62520
-11364 -1839
45844 11788
33542 -5654
-5231 15028
-52837 21153
-48451 35605
53879 -15137
-54174 -47973
-23465 51152
-62279 -63293
-51410 -38508
29263 -17227
63047 8705
-8532 -57916
-63585 -52730
-27537 224
-23193 39909
-64391 8942
-11643 46077
38598 60612
-54799 4113
-46197 -45368
30583 51491
26001 -27545
21052 -52955
7748 -23504
64642 61246
-35943 8957
7008 28231
-54299 -34140
62555 62040
-26349 -24707
-37075 -26089
-53177 23731
56027 -14813
-50608 -3005
17192 -4390
17870 -61422
-23663 -14271
30894 449
-54007 33629
-56632 -45513
54155 12531
-43929 37267
-54419 29732
-1448 2608
-60606 -31929
-23673 -22443
-40524 31381
9719 -54405
57633 48855
26999 -46350
-35443 -38294
20193 -8069
55039 48841
35494 7013
-27353 37569
36957 8079
43358 62031
49790 -26200
-5910 -28489
-63523 -51841
9434 -19079
6924 49793
32019 -54876
4319 46360
-2659 -63475
-25408 17011
-8639 4975
-25148 -3829
-56624 -38052
39075 14567
-14056 19970
-44237 -22364
-17052 -39443
267 62264
-64206 59213
5572 -20435
-57953 1257
-27918 -27403
21896 684
-28516 -61744
-17990 -13507
2472 54605
30793 32785
18530 -57089
62705 -12847
48818 64387
11946 48502
47621 -11796
37975 -64771
-13336 -52750
-64152 64652
11401 55176
12681 65086
-6977 -51954
-9983 -8761
16235 26845
60297 -3753
37889 -57118
18296 -56992
18853 -31001
-13884 -34959
-63961 -39710
5015 30617
41671 29635
-20079 -4622
-59810 48498
63330 4156
64583 3574
50814 41835
33794 -46101
23116 33316
41538 41264
-46276 -17037
-17302 -52955
-19313 25407
24231 -21773
-37697 33420
-482 37151
-48332 -54880
41026 51628
47317 -23431
-36347 28707
6293 -15905
21260 25730
38187 51458
23712 -48016
-12257 53014
-12061 60074
-63898 -17101
-15113 -26748
-34092 1298
48580 64313
-52590 61972
-35555 -38985
27949 -16381
10464 59372
361 -13377
-39471 29382
51402 41959
33098 -24531
199 50672
-9919 33248
-33434 48692
-55676 31337
32241 -25772
58225 9509
-51821 34530
54231 63846
2648 1946
-23173 -44446
-9137 49923
-5455 13392
-22421 31027
20557 -50413
-6508 8120
-14958 40621
16917 10772
-5911 -42839
25068 -22670
-52896 -39623
-39453 51136
60775 -22539
2242 -33515
36664 -45264
38011 -9157
-10754 -64615
7286 -36208
3915 -31950
65492 13014
46752 13379
35352 1547
52789 39347
-4573 4248
-13075 -38772
-21175 -15325
-6177 -16268
-53449 -22381
52348 -11996
-885 54063
-22945 -9315
-5623 3294
50766 37133
-44875 -22466
3448 -30641
-1649 4726
3072 -3690
-54795 -56930
21947 -8097
52371 -52893
13162 -8198
-38343 62149
50936 -11798
-54090 -62030
-1656 -25129
-42993 39262
63340 24581
40508 53340
34366 28374
-45349 -55582
19852 -58796
-15820 46827
-13510 46389
62104 -43760
26969 -41118
-41768 -19720
34145 -36756
-20099 982
11271 13734
-56239 64391
33532 -25957
44624 39517
-19371 50665
-12378 -59469
-22232 -42175
12796 40435
-58660 6764
13477 3288
-59785 39495
5702 4937
-24212 56306
-22833 8256
60854 58125
-39055 -59405
-28117 60103
-35707 -38761
26442 37799
-33019 -44796
65178 11605
13263 -62882
18922 46303
-55597 -52878
-19248 24806
11768 -48048
989 -62360
-19425 -2730
-11117 -10228
56276 -60932
53660 29572
-6498 52079
53497 -7045
42146 11287
-15979 65202
51878 -52251
16543 9120
-20283 -43920
-13138 22229
60519 32201
7924 22042
6038 -57676
-30003 -26524
-6442 -46775
7857 18877
-64084 65337
-45699 22048
-17516 -48684
-14359 15080
61102 -63426
43745 -46293
43071 -16288
-4928 -8807
-54839 60511
46764 -14722
40652 42974
18466 31376
-31503 -59230
61880 -31644
6025 -7127
51574 -33423
434 -1034
-35866 28757
39751 30821
-49225 -13733
-27537 39381
65415 22947
46650 -53202
-12054 39356
15458 -40951
-11729 3551
-26735 -35027
41692 -56524
-41493 -49065
1521 -5490
-49625 -56301
28610 43731
-59192 -35545
54849 -29768
37832 41701
61484 -53769
-14519 -26643
39139 15437
-50047 -14673
-49980 -51035
-35748 -25438
-43720 -34054
-5527 -7728
-28860 -9413
61624 31161
-53836 55070
55114 -49759
20048 -61128
51341 7110
-64402 22210
45756 24261
-31579 -58477
30449 -13337
-8846 46978
20138 42055
-65121 59031
38160 35163
-60275 56561
-54429 56220
-49102 -50473
-2759 65498
-36239 -30760
-42491 44361
50521 324
-59583 29703
25016 -57923
48640 -2261
-43606 56256
64263 -48896
12887 37683
6789 -48205
-1958 -3614
-7676 -9075
-30760 -49433
56918 -27721
-63177 53285
-45231 -59688
-34903 -49532
11331 -20569
-24522 -5290
33398 31723
37608 50385
-50291 -20548
-56290 -34528
-2753 23693
-2019 -30849
5669 -11324
-51548 -5319
49949 -45563
-55013 -62623
-35683 -14048
-38469 -62328
18535 49008
-45651 -32401
-44804 32656
16263 -41476
22066 -36470
43832 35004
28825 -50186
-58490 12626
42481 -6759
45834 -60958
25051 -40332
-19931 27
62934 -17108
24250 48328
48386 7592
10962 -41567
-3882 56394
42972 17323
8739 13001
45560 22167
36072 -61024
34961 -51333
-35424 15853
47701 56923
38564 -57650
-35845 -20837
31876 11993
-19056 -63839
4493 -45892
-8578 -12091
9597 37495
-51217 -56847
27012 -12
27467 64542
48916 -57613
52236 26763
48673 -17830
-24850 55728
-36746 34439
-48679 58703
2406 -9520
37674 -30113
21367 -5948
-49642 27575
-53117 -15675
-60954 -62589
38841 37017
-65330 36121
52181 -25384
16881 -36614
-21499 19234
17889 64408
2785 3505
-8915 -15834
63570 19506
-47969 15068
32625 -31764
-58771 37945
-61919 1011
-25242 -56262
53837 62158
-30061 -42884
52896 6780
41060 24778
-42304 -23137
403 52476
-32456 5109
-44823 -36207
46053 -19138
25148 -49931
-27379 -53878
13530 -43304
-32028 27190
-17181 14825
-25993 29251
-36847 -22618
12774 -1226
48970 -697
12533 63978
55640 38149
-62909 39064
50884 -10361
10537 -52328
19829 33902
-49069 -2658
6747 -63836
-55501 62783
-25318 9903
39250 34507
-51268 -29681
704 -32967
-2665 -51545
-46167 -37531
16081 -6175
-59001 -33629
44672 41514
14852 -59458
-25354 -59391
-8608 26508
-24548 10093
-31606 396
42982 25950
64866 -53602
-40588 23003
-11613 5630
-30736 41614
353 7652
-49739 -55812
-22605 39759
-60877 31318
-50827 -1444
29801 -13116
-43802 -26667
-30589 48610
-57122 -39931
-25451 21125
-54619 48280
-25079 12072
17 -32487
62687 17383
23640 -47365
11414 -49122
-13419 -22812
63162 -57691
3811 62328
28807 34082
32831 49027
42703 44096
21720 30855
41092 51193
6692 -2336
-36386 -11292
1791 53911
-32971 -48157
-64000 -39276
-48144 -54538
-12089 -58076
-13972 1891
40163 -21619
28642 40135
20652 39363
-1817 56686
10248 -57737
20133 13702
54634 42606
-48957 24159
46518 9511
15880 -54034
-4136 8529
-44779 -31868
18797 -43968
61 19425
9558 -52566
-43435 -36296
-26176 -51833
-42021 -24640
-33079 53165
-7848 -56068
38523 -28107
-44328 2589
-9601 31798
-5368 -49428
33426 8334
26408 -34202
-64850 54887
9726 58113
-48677 -18178
15221 16381
-59836 4445
37872 -51741
18699 -56322
-57386 30522
39186 -13069
41822 24298
-29922 -61737
-54583 -43926
-26276 37337
-14546 -28988
-35879 -43235
43099 -21636
-25266 -49950
-11542 63112
48462 21024
-42380 -65148
60307 11
48449 14437
-8431 -64326
64458 -48665
32283 -28710
-42990 -18959
5374 1469
40296 9388
11422 44969
-29359 -63064
63103 31577
-12232 19549
22651 12526
39306 13691
-751 -37137
-20594 -40406
-55996 -48300
34986 39246
57312 -61925
-59791 -10761
50975 19533
-31082 -46225
-55701 -29555
38622 32451
5792 -21910
-7248 -12251
-11910 -25729
-17784 17732
-39324 -49903
-23136 -35098
55816 -25349
27159 -38003
57621 55710
-40792 -2778
-18055 -50599
-24598 -52537
-26957 18937
-50372 -5585
-19097 -40009
48364 16995
50634 -61915
-8374 -18423
-8119 -63713
25374 55196
-37183 -5095
17278 22477
3271 -42236
59808 8012
60903 46861
-39445 -39
32596 26761
48899 27553
16074 11063
-47098 -34367
23427 -45649
-52024 56719
8418 -40294
-37408 -1034
-16992 40502
47493 -14617
-4859 -61627
-15976 -47679
-16325 -6769
-30827 -60474
4895 18209
32855 -6507
10212 17865
63525 -48515
-48090 -21329
24886 -56492
-23224 28165
-40725 10164
-53591 2916
55848 -41859
-42843 42250
-29567 -13613
7423 6809
15160 -9855
31957 9936
-8626 5392
-47691 -11353
-54841 18484
-26517 -26044
-37486 -57775
-6916 30370
-10900 -20414
57255 26230
9324 -56003
-35597 42725
14882 39852
36354 -29699
-41161 -61902
-54673 55380
-61236 43771
-22306 26980
-29346 -4973
44562 9508
-12003 45554
-3820 -43232
51893 -39417
-26050 46987
3595 -8061
45900 -54559
-1113 47158
50439 24297
-50697 52211
-16556 -9008
-18431 -1936
-62833 -38152
29660 -36101
-44511 -22812
63854 18351
21754 24465
47668 -15305
-17467 -54081
5004 49866
16290 16172
-10077 -35794
64075 13320
26485 45251
-9932 -40419
-21040 -25994
49604 -10318
-23393 -59178
45689 57362
58623 -15967
-3217 -42762
-36462 10429
-43979 16793
17629 48022
56213 -3011
-51006 -46885
57710 -54424
14053 47639
-35693 30973
51516 -22764
-8037 -19806
-59635 39793
54255 55652
-56028 64183
-33533 5698
50678 -46888
-57431 7871
-6433 -45869
-33399 -55373
26242 33310
9932 12185
-30910 -31596
-60992 -43625
12380 9291
-52391 -15003
-59601 8758
18602 1530
7085 29798
-22424 -23764
17148 40149
20301 48685
-41997 -13079
18226 1733
-7661 -56476
-29795 37372
43992 29178
-60685 -51338
11973 39905
-33302 9879
55798 25246
-34134 7367
-38762 -45814
42147 -10290
766 57646
-18053 17538
-19824 -47224
49864 14777
42777 -54791
-21237 -2795
50826 23034
-56490 -18172
-21664 -6320
-47610 3650
-19478 -50145
-9149 52229
-47709 39832
-28054 -50419
31923 53448
48289 -42129
-40864 -33843
-40235 1197
24142 42571
37663 8837
-60316 -950
7674 25696
-30150 -2517
5222 16561
63296 -34580
-10174 -34530
-34504 -53566
9939 -27024
45326 -16884
54035 -27556
80 -30015
-20542 -30619
-29888 30357
-62166 -51870
-27807 50840
-38085 10878
52117 21390
-34782 -63548
22983 48686
-8309 64363
-44322 8594
-19635 -49594
21329 -27457
-20614 -37552
-65375 53409
-38202 37018
-3837 19566
11842 6902
-41716 -6954
47246 31165
-15027 43037
21876 -65229
24767 53880
25477 -57882
48122 -25352
-43183 33550
17393 -12854
-44767 15894
-63196 -35182
-40429 -46035
-43590 44979
60252 -18028
-28011 -9106
-52854 -54438
45051 -28350
5017 40435
-22189 -48109
-47318 22922
42459 -51097
15959 9846
61202 -26366
43639 5691
-2230 -33895
-17516 38257
1639 10498
-203 -29522
-47272 28371
48205 -16736
2218 32922
44975 34164
17977 38172
-39159 -8574
14888 42240
-64442 64036
60033 -3091
54331 -7637
-32380 -43406
49750 -33703
50521 -17938
-45272 -47545
10513 5732
2238 -22216
-13120 20323
48589 8400
-54363 -16460
24605 -55827
17594 11383
-46613 47211
52590 -36373
-57437 -64171
-26557 -24309
-6018 -14836
-983 5003
46649 50307
30887 19189
-30093 -35267
65465 38270
-47199 29667
-27264 57146
-37120 61033
14059 37812
-3002 -39265
-3523 39505
-50077 -24880
-44811 -1534
48471 51401
6694 5355
-45782 -51511
64610 -40194
54340 -5003
-64070 -31037
29014 30046
47817 17155
-18756 43298
-53104 40522
-51971 -26084
53086 1183
-12094 -29914
64877 -25968
-26180 23973
46537 -35139
4553 12007
-44265 -38548
31801 -65425
23648 4077
-48264 -5757
57224 53914
16617 -46673
-35575 -38307
-22989 -65068
35165 34398
2534 57121
-55004 -58849
-39460 -30139
-9153 -3432
-49928 -62556
-54682 -47588
46998 20706
38819 -6078
61954 44985
-52864 -558
-64787 -56050
-8927 -55621
-43522 1302
-23269 49813
56616 44181
-39791 -60091
-48417 -48685
-35643 -9900
12470 -23854
19703 -51196
-54847 -53058
-62853 32597
9078 36979
-13062 33085
-30446 10124
-45680 12263
7319 -65345
-15082 7734
-57273 19822
45117 56200
28621 14997
46620 -31513
4906 57834
30416 39772
-53306 -44202
-398 34406
15790 -40761
3557 -62844
-35775 -4133
-43183 -7185
-29970 -13934
52286 29554
64178 4697
55503 -30676
35665 28288
61740 -50282
-39423 7326
-39858 -48610
-16021 -10389
58092 63979
-30774 6965
7900 8173
39785 48851
-21241 59779
28981 43107
-16840 -46444
-1731 59842
12163 14980
-4353 -38242
-17534 -45809
45433 35208
9422 13605
-30628 -35412
-32553 -14414
-8180 -65351
45404 59068
-18451 27794
-55446 -22577
8655 -6382
-7008 -685
-23398 -60931
53062 -39403
-53608 42490
53164 -22125
-62595 -56339
19150 1584
-2050 -9917
22845 25430
62341 -2800
18703 11695
49154 -4987
65020 -59796
52351 -53576
26811 -35355
-8987 -34306
-22507 21832
46915 -53178
-15735 -14711
-19851 -16820
19738 64658
-51226 -29863
34104 17241
-25964 58966
-10738 59722
-28384 12116
-2786 27430
-27944 -37862
58607 24159
1735 27640
-45572 -18395
20591 -17811
-37998 16733
21716 20841
-8046 -44787
-27372 -37031
-3170 -26094
42126 -61751
-41623 -15315
-47535 19572
43987 -25587
35259 39020
23818 65518
-20462 5413
-53287 -17242
-39125 14263
21701 -63985
-47469 -32763
-10854 48903
31048 15058
48901 61057
-64444 29571
23781 23121
-40419 51421
39457 -10089
32100 64351
32001 51933
46674 34636
-779 -8267
-43524 -5287
17580 6270
-22924 32411
-283 -37541
-11283 -63987
-51456 -39240
27205 4373
28320 -49942
-30482 7308
-3416 13732
-8233 40407
-31413 -24051
-54740 49441
-33748 18755
34354 -37803
24854 -52357
-63081 -24463
49310 -7456
30647 23945
-6457 51613
13560 63405
50160 14880
-61521 -30116
11023 -4232
-14021 54945
-55993 -14256
8880 -26143
13603 -59873
-59622 -36203
52333 24284
16006 -51727
-34540 -56861
32498 -23607
6118 32889
-43824 -46745
-23641 -36313
60680 -54093
57875 44798
-939 -44984
56173 -6496
-7014 18457
-45499 12232
-54752 -37296
-4056 -63859
28383 -46716
-35061 -59720
-36102 -24332
-5425 53389
-33394 22831
-55747 -26493
-51458 57859
9051 25766
19727 6908
224 -60191
50985 60883
-49592 -50840
26508 -19757
50509 -43776
5466 47675
-8838 -53693
37726 -9908
3245 -3722
24633 26015
42159 -51386
-47468 35752
53329 -30112
59457 -42898
32774 -18317
22683 -62751
-51006 -55834
47896 -52010
-57232 -16857
-58047 -33632
2419 -7457
-39942 -18964
34438 -38903
40895 31961
48432 30147
9213 -65032
-43637 8894
27315 20368
17931 -34018
-32816 26728
60270 -62710
-56536 43200
-4348 49536
25101 61155
-54086 64193
58893 15430
-8092 -49025
47250 -23123
331 -24380
-8033 -59415
58502 34926
6643 10799
58521 -1766
27551 12014
-58200 -51275
-21527 -15642
-21712 -4840
-2180 55501
-333 -13046
-55136 52246
56516 -7679
-6312 12196
-52224 -31391
5816 -18751
-13074 54767
58730 -40454
-23746 9537
-18704 3066
-16153 -63751
-30591 -35625
42915 -20965
-60763 -57093
-16657 -45803
1665 538
56913 61654
-14559 65519
33326 24270
-43111 -64973
7539 477
22234 -34158
25424 45651
25924 26720
-45814 8686
49575 38216
61407 -5073
42732 45148
43568 20242
60277 58849
-3801 -14345
899 62349
26911 -43315
50970 -57590
43891 49822
-54675 11352
13233 14339
8801 -12099
57282 34122
45193 -43555
-20680 59962
-44297 -17870
-27880 -52168
-34595 -24345
-8776 -51941
-37745 18005
45056 -17292
-40291 19372
-4368 -21717
8015 -47216
-43821 -49315
42116 -22369
-5276 57417
-7649 2883
-34463 30208
2484 -34194
-41773 -18485
48564 -20430
60297 53845
-15116 10075
20419 -32559
59758 11903
-18772 17093
-56304 24838
60926 -14041
64654 -15209
21888 22982
-44628 49256
-22648 33307
56471 -3024
-56466 7286
-58945 12636
-1772 21581
62559 -17329
-4326 17768
28080 12716
-21358 -16725
-15961 -12472
-14169 -27266
59508 -31614
9526 36042
54205 -50730
-21389 -17933
41511 -48616
18731 49808
-29877 35511
-2058 62481
-41039 -10106
18697 42504
57028 -47576
-17208 -8846
-17209 -28514
50749 25175
-23640 27580
60881 -4209
64668 -52026
33037 55297
-46770 -7456
65199 45830
59680 -14762
16939 32895
57865 -17275
18931 64538
-39858 31011
20245 10043
-44702 1339
59818 -9292
-5283 -63643
61662 -36901
12708 12492
-7822 19580
8908 50293
47523 -54451
-18483 -8822
56116 44306
-49720 60320
-65499 -55225
12977 35081
-23343 5551
-58142 -62278
-33141 1840
64083 35098
40132 -24187
-9918 14649
-28717 28675
-24921 4101
35170 39454
10355 -38922
17724 37040
-33055 31505
3612 7847
10312 25869
-17304 -54385
19733 47246
-18473 -14010
58903 -52943
62396 -58076
-9055 1096
329 27899
-34547 11431
63983 43778
-46243 60727
23336 62108
13358 -64978
41517 13209
46702 -11046
48063 42520
47858 -7108
-7802 -47085
-59466 -24674
49490 44553
118 15789
-3244 28465
-50471 -15199
-54822 5382
-14507 50891
4840 -53379
48364 -18575
-23652 12520
40591 -19613
48187 -4690
-41649 38707
16545 31881
38982 -11151
1287 -20590
15670 -23263
-51405 13805
-57339 41473
-13919 -23193
20983 -24840
-8937 40737
-63305 -62632
-63332 30838
22431 -8631
-19602 65341
53322 -6703
29711 8946
30298 10948
13289 5953
-44621 3125
-60094 6411
-4371 -34312
41829 -35967
36602 -21361
24276 -13883
-42590 -42664
42582 -56662
-32331 30604
53070 -54126
10304 30141
-3122 46147
-21611 -53673
-56447 44233
52008 -40729
53702 -763
12944 -45086
6694 22792
1765 44147
48648 31112
-56510 14194
-8392 39111
-46757 5333
55239 -65094
-60658 60663
51801 23530
-45001 19347
12472 -23438
-1923 -32547
-22441 13048
-18462 46825
-17153 -30544
-21295 14371
1847 13749
45495 -4082
64038 -47983
22518 17318
63173 -60576
47814 -11680
-53408 -33968
-24408 29723
55941 -23567
-39146 57421
-60562 48783
48565 18528
-840 10480
-29983 53689
10737 41059
-41305 -4834
25454 18350
18724 -54692
-23500 24828
-1397 50398
23270 50572
8406 64401
-98 21802
5135 30169
-57162 -32284
57368 47145
4322 -38476
60344 -5507
9735 48994
3880 65346
46773 36596
24677 27753
10723 42481
-45820 3475
8256 -17143
-8866 29159
-50478 6302
36997 61742
39602 30353
-22345 -27311
-41060 -30052
-3127 -46319
33384 193
-60918 -42328
-51298 30522
-48770 -19922
24895 6917
-14198 -13320
-25826 58307
11117 40368
59861 64510
1866 11412
-31886 -56471
-51895 -4333
1973 35236
36742 -36273
-41307 -32663
-22418 61720
-49643 45746
-32850 46022
-25128 -62534
25511 695
-33781 15285
16093 -15984
20166 -31093
-11016 -36987
42926 7419
-32773 57986
21348 -3113
44194 -52254
-42396 -30756
-53844 -55773
-26199 21350
-37343 -53933
-570 15208
49189 -54617
36139 -8352
-56769 13537
54637 40416
29116 -39151
51840 9386
-31339 -59259
-34479 59910
-48896 33267
40004 -31136
-49125 -35003
-4604 -24279
45749 32660
6272 -10312
-33419 -11435
-56594 -39556
28529 -12070
51980 -36108
9669 35801
61838 22054
-23008 -36699
-15627 44943
46153 4376
51212 60157
54523 -18599
-27580 -24152
13980 -25146
-17475 52966
42516 25171
-27628 -60512
-43503 44777
-29251 14613
-35325 -64114
-1961 47337
-27612 22492
17197 -54197
-3626 -58431
-6867 23211
58590 -41247
-28798 -47115
-48045 -63636
-41263 29483
-56789 -27791
-33150 -55538
-28705 -58186
53361 -611
25673 33804
59196 -45466
58092 17434
-15594 20574
49196 33567
33599 -25855
12849 -11557
44537 -16053
-59210 15767
-39355 -61761
-49061 -62695
9798 14959
-23782 56124
39365 36098
-21285 -25916
-63493 32154
-59092 40268
-53928 22555
58080 27253
20683 -11819
-34097 -15781
24550 -7174
42668 -54213
-37717 18742
-37058 -47698
-17357 -56223
22096 -59478
-30918 22930
-18631 -42884
36094 -24796
36586 -41217
50523 63766
-40482 7893
-35266 9769
-41734 13958
38822 12619
-28723 17933
-11086 -45471
20736 56922
-34177 38176
-17538 -20866
-18186 25015
25160 -60851
-38716 54915
24027 60488
32987 22262
-35503 11275
-43606 -24772
18507 30857
-31989 56765
-49849 -3013
-38605 -27733
14927 54920
-13403 52091
63257 -54018
-27894 27935
15210 -24773
37170 -51276
-39190 -26392
38177 30930
-14316 -47643
8904 -44041
-54125 -4180
-57240 6187
-25779 -12078
-21595 33550
-49994 -17695
-31053 -37579
-55365 35692
43050 -33754
-34784 45514
62809 -27434
-57112 -25055
-58222 -11936
35752 -18375
-49725 33181
20814 -31244
33674 60624
59384 59651
772 52699
-54194 21511
-62035 7786
-60249 45623
52109 -61883
-2324 -45991
34366 32071
18280 -37913
-59772 -57914
30393 -55483
-24291 44936
59128 15477
59017 -61142
-46489 11002
-27063 44006
-40911 -52104
54661 45422
-4761 51285
-19288 59870
-34962 -25537
-5639 -2008
51093 32736
1106 -29585
-6843 4987
-28186 -62940
44915 -13435
-34634 -37613
4911 -50980
-21624 7987
-6204 41116
50043 -6035
-5922 -61482
-56745 -61503
31873 41512
6777 13043
20199 -18198
15770 65509
-1885 47424
61148 -57717
-56544 -18940
52299 -39419
-46085 -10370
-19241 10935
-20039 -36412
21161 41613
27028 2574
-30915 16748
-56189 48735
58620 19212
3052 6904
43149 -17188
-38012 -42189
-1237 -50161
56885 23149
62534 54825
-50457 50012
-6190 -37088
-13966 -18216
-29670 -64322
-34740 -37547
-38252 -5958
-30491 -31733
48841 -61023
44434 29299
-17236 -13386
-54827 -22368
64495 -39893
22408 -3395
-9994 64493
38386 22700
-20777 -54270
-45294 -3558
-31147 -14861
58922 -40196
-28867 58936
19435 -1796
53343 -8408
1267 -50767
-22932 53654
58730 -42469
57810 -27895
39160 2901
-25283 47751
40580 27021
39634 60356
-41224 30795
-39347 25530
51528 12069
-41357 -8620
5937 -61428
-49519 -37002
20166 47430
-52981 7557
-29896 9613
-15929 -10035
-41949 -49494
-6034 -47433
58324 28445
34803 -21735
40701 27972
-41516 57409
-58224 -48273
56697 -55887
-38429 -4853
8373 43118
-34321 -64886
-40908 5369
8671 13186
1496 48048
27469 46838
-53853 43548
37899 -41096
2013 -17786
2093 -42110
30129 12133
56300 44576
-49342 -18289
-65534 -15488
63636 -19901
13858 -42425
-17638 -3955
-58906 17966
5261 42237
40351 27083
54259 -37765
40074 -45167
6420 57945
43822 14573
-57160 64459
-40807 -18210
18183 31645
26302 13846
-44741 34093
-13061 37742
45714 36757
28454 -54255
-18831 51991
20612 -42673
43611 7562
13832 51736
42097 -64995
14870 -44996
58341 -50344
-58265 31150
20174 -16035
15806 -45895
16201 -42166
-30068 -63271
-20377 59490
14838 64101
-35282 1888
-55876 -22156
-49389 61914
17862 2519
-31882 -43451
53729 -2324
-37233 16629
-56394 9104
39562 -10181
38034 -21499
-24249 -6207
51899 38193
39117 -18128
39266 64726
4467 58858
28894 24659
12237 6461
45836 -56472
-64068 -16215
17859 -40897
-32124 -60165
-45335 54795
-34974 -34710
-16719 41578
-32088 39203
8912 -3147
18717 6710
-17927 55957
-19070 51100
23466 60056
15233 -14538
52943 -34634
-48091 13574
48448 -47849
58479 -39035
46435 -1392
39437 58916
-14659 -7459
-44114 -26667
-27085 -4932
-39393 -39503
-37556 65323
-4619 50257
-24292 -29773
-24349 -56646
52360 -63840
-28299 -45033
24341 -275
30408 58643
-9417 7458
-24219 42161
50223 48192
-31158 64245
623 61021
46453 -55446
-5462 342
44873 -12098
-19787 13104
-8325 589
49280 -42785
-50283 41507
4376 11637
-8142 -12597
57695 -3091
32172 11767
-54136 -49458
-44647 -32874
28477 59417
-30281 -56553
-38072 -33288
-23483 10426
-15611 -24574
-52390 14797
50880 29307
44908 55946
-11328 38915
-23299 31599
-23489 -46120
43464 -18375
57225 -58403
23909 -3613
12218 26214
27894 53710
53935 2139
15676 -6314
-24649 23994
41176 -22754
8530 26856
13646 -58805
-19914 6042
-12193 53976
63630 -29319
30754 56389
56449 -2878
-18271 30561
-62586 10519
9148 31683
-31973 28216
14190 46556
33551 7256
-6574 -14130
33551 21372
49791 -9989
49823 10670
8668 -29288
-38272 -50720
-37155 14214
10386 -51174
-23451 61552
3095 -54944
16199 49627
1956 -9257
-46076 -33857
-16218 29686
-28599 49912
-12760 -23801
48456 43265
32236 57980
65167 -5249
53941 22208
58735 17762
-43735 -21056
-13708 -53971
-52281 -14579
3885 57836
47902 13411
40066 -8860
-31047 919
-2451 29237
44904 21404
48028 46870
63763 -19493
-9483 -30265
64275 -40782
-21468 29743
27905 18547
-61704 60901
50863 -10126
15619 -40613
-63618 -38052
-46498 21000
33511 58635
-40373 8925
2866 44933
46814 51603
-15348 -40871
33465 8227
-53031 43102
-52640 -50949
12569 45520
-26606 -63335
-61129 -7363
-34938 -38584
48498 -59348
47320 41179
16256 23320
34968 57999
-2906 -53106
-24598 40465
53898 24630
1799 50015
-49321 12753
24086 -26716
-41555 19515
-41479 -11515
55502 54843
-33900 -5247
-35402 -36147
-17516 59836
47173 -34350
-36783 -49236
-49216 -1285
-38274 49548
50426 7093
-27476 41433
58140 -13045
35762 16010
17620 -31839
11766 -64579
-64651 -47912
-63922 -34068
16583 -19450
39281 38182
-33679 -9490
-64633 -23088
18748 -25152
20065 9178
31191 5119
-43032 39189
43094 -5041
15133 27617
28200 34610
13308 -2837
-48331 14212
19488 -46771
-53506 60054
47188 -13537
9033 39942
21303 34942
-55077 -46605
1937 44719
366 51383
-726 -48849
22607 -60022
9537 -7515
29576 -27252
-40046 64830
44812 -45128
2830 -33731
-7168 -5557
22812 -45620
-842 -42804
-51016 55560
56670 -47038
-57506 22514
25503 -5195
109 19297
-28775 19070
-51187 644
6927 -16550
62769 -62571
32422 11277
47856 9235
20634 38703
32393 11591
-15730 60586
-26813 -34172
62650 -21332
63638 -18298
-48865 2483
-18182 58652
4778 -18488
-62642 63644
-51296 14113
-22521 35415
41934 -28504
-31237 14696
-42799 40161
8109 -13012
51963 -55948
9408 -3161
30353 -5320
16734 38304
27419 33201
-27668 -27427
-41271 -65240
64331 -57494
-41671 48927
-48277 -43015
-44298 21921
47861 -8065
12726 51298
8493 14588
-64994 13409
5256 9051
35173 -38939
43511 2195
-31343 -46658
20519 8127
-36365 -52487
22758 31151
-21045 -27147
-56284 55907
-37551 9997
62232 -58487
-5242 -31579
43668 6133
-32765 -14212
-59227 42933
52562 16077
-9962 -11444
-57479 -39822
-57904 23206
65090 63056
61092 15029
-56881 4177
36804 -32123
-37810 -43213
20700 -4152
63241 46960
-56787 -37801
-39415 38184
-32359 -17623
-16726 -53338
-18761 -12103
23227 -12229
-947 18451
36573 55376
-54553 -49938
-59986 40912
-37337 18710
45045 56491
-38611 -50450
40563 15463
4490 -48567
4580 -63807
19945 23224
50288 -5382
-27303 -56529
-39970 -30583
-43054 32673
-8728 -37937
-35996 29514
-30537 39890
-50484 -64619
158 -8342
-17538 20125
-9639 -20569
63603 -3326
-19374 -46019
-1292 -60269
9415 -10408
-44171 58204
-26147 -44965
-63584 -2904
1213 38106
23168 16587
-37494 48845
32014 39690
-3879 -18088
6485 -40087
25750 11213
-55222 25739
-14542 -29768
20983 -13197
-43259 5954
-54834 -3695
57828 -28379
33858 -25976
31692 35804
-56855 61432
8520 55663
35359 14110
55956 25861
-50292 9891
-13841 50125
-31171 -16557
-54077 44329
-55985 35088
-2663 -34606
-25297 -37478
63247 5176
-26981 -22937
27357 31077
-60896 -38430
-53169 -43530
-15894 55312
-30168 -38992
-55288 -40998
-37499 -5620
18753 -20832
8153 -17982
-57757 -39957
-4495 18304
-28588 -14454
-50133 -3518
-36715 -13053
-11221 41797
33173 35581
34480 55972
23081 -36396
6594 -3816
48773 9833
-36372 -3963
29455 -54330
53913 19062
11820 -46103
21743 -23194
12375 -56074
-18110 36923
-60323 29007
5278 -1098
41303 -18111
5852 33522
-37100 31791
44496 -15455
-42967 -10536
57135 -47931
9554 -58917
40704 22809
4093 -55948
-15860 -39355
43137 62537
-39613 -63530
-18357 -54135
43576 48360
45336 40431
14907 -36255
-3614 -29586
-25669 49691
-10668 -48428
-49602 -7104
-5045 17468
58327 52288
59773 -15644
42359 32032
60145 -1619
2126 19067
-12555 48231
16417 63974
19960 -4761
-58775 -24338
-7681 -34339
-55974 38249
59275 56721
-15022 -32202
-23923 -17044
-1264 22679
53474 -36709
25627 -9127
-2619 -57877
35997 -50351
-58282 9880
-19393 -16769
-18690 -63415
4449 11331
-32496 -8752
15016 27267
-49529 -38998
-4513 4057
-41296 -29549
-6504 13432
-39767 35380
38138 24400
62415 58317
-24583 -39062
26876 42014
-43165 -41216
-5215 -42765
62253 9717
26583 -28456
-8884 45199
-41889 -19765
34257 30984
38288 21581
-21749 -6514
62503 -28084
-56709 -32057
-23146 43808
-49973 10348
-42648 -30419
57981 30274
57974 -29703
-19829 51838
52771 -48202
5482 -45454
8669 -33994
22414 50260
-51589 41900
64923 41068
-16933 -18244
-46042 40085
41284 33790
22230 -11176
-62058 36917
42393 -32496
5675 44673
33293 -44085
34538 -39408
35978 -762
-36720 -62724
-53172 63068
-52035 -53965
-54130 5828
8898 64168
33787 47143
28216 20490
23728 40565
34103 -17308
29639 7547
-41865 -2664
-63104 53212
-15899 60884
13985 -17240
-28976 8627
4962 -12128
13958 -52767
22755 49344
-34585 14818
-7689 49577
-42540 -62101
-52347 -50156
14368 -2167
-47736 -50733
37345 -60673
51825 20109
33454 -18750
29131 33053
-39769 23769
-50959 18500
-49147 -64193
34208 -56877
18285 47546
-48250 -40563
2904 -44205
61758 32076
-44595 36232
44215 -60383
43720 -37942
17279 46778
-65220 -45130
62517 27441
26492 -52893
29317 51271
44875 -52179
-21984 -58239
32669 -30242
9889 27809
-33063 15664
-57986 -23214
62548 -8741
35353 11933
53307 -42293
18216 -19000
56818 10833
-21560 -53685
61238 -36968
29607 33209
53811 -30570
56103 11698
-25448 22860
48003 -49548
50455 -20134
36996 -31203
17219 58157
17240 -37306
8532 -51371
-53058 -60633
7784 38388
49779 -17665
-9552 -54529
65048 23125
47172 45695
5415 -9559
-35905 -18047
47254 -16458
-22669 64380
61016 -13907
44585 16627
6107 55551
-27678 -31145
-50106 30783
-48919 -36502
19859 -46612
-3589 18508
-46509 6135
62920 -11982
16418 14966
47565 46763
17451 -7276
12086 44446
-30711 -5359
-30292 -6968
-47637 12912
-57639 -25532
31562 13450
-47413 -39124
58191 29493
14173 3457
-23269 -30033
-9107 53374
-37527 26897
-12127 57050
17374 -2412
-8770 31515
-5419 -36394
-64973 -20756
52024 -51413
-53633 -26496
-2933 -30504
-26338 -21710
60113 -40094
-9458 34587
41027 30265
-62640 60003
23005 33062
-60957 -24476
-39921 -4340
-59328 32908
26643 49020
-58250 2920
-40709 -37869
-21711 -25199
50841 -8330
-50093 -16291
31232 -6261
7632 -11145
57787 -56880
-54073 -17049
35522 56050
56615 26189
14816 -22743
58209 42886
-15983 -63060
-50123 -15255
-16094 -47606
61913 -31912
45309 -46931
-21871 -29957
-47084 19858
-2871 -3093
-41009 1807
29236 -61439
-23551 -10890
666 41755
-63835 12901
55170 -33746
-26685 53955
-20572 3873
-4928 60308
34771 -38735
5450 -39047
-26058 50042
45577 -10026
-65517 53108
-42715 -50895
-13633 -59753
-62047 17666
2757 -36932
-4594 -43788
-9937 59827
-14334 -52185
2543 25149
-53481 -22445
62257 44860
24732 9600
48721 2453
-30634 -5454
30124 -49769
1286 -62003
-7587 -20418
38612 -5824
-37560 -33081
-51942 -35174
-18113 -46973
-55447 -49418
-58153 33898
65495 -19253
-29336 -7621
-39225 -48399
51029 -29147
-51325 -3457
54706 -56790
-657 -38883
56002 46640
-53758 44269
-64135 -32213
43639 62698
-41594 57620
14873 -32059
14339 61590
-49761 -57545
-41877 -53393
-8829 5333
55741 1988
61238 30550
-10151 62501
-21568 -61545
-29886 19892
50008 53927
20888 -7765
9438 -40067
-45052 65203
9953 49194
-40104 -10468
38790 63208
-5554 -62629
59947 29175
-19564 39526
21850 -24963
-33391 8438
22455 -41005
56447 -53542
40434 37808
3356 44516
-28133 -42655
-16015 52884
6953 -15798
55195 -10934
-53453 38400
10859 -61803
-123 -8975
7062 -50583
-42273 -26844
-57017 -7604
11635 25503
-26200 -27170
-49316 -33598
37891 57063
-51384 -22435
45367 1320
36098 47979
1701 58369
56849 35411
-27831 65143
-34007 -42306
-24425 30347
12783 -33390
-37026 -42739
57656 11528
-44558 49498
-47586 48950
-31309 65215
47380 -31643
24931 60555
-60017 -45800
-13255 4091
-30515 -42825
40395 -6926
54982 -477
-19947 -7240
-11626 -33920
-22684 61910
15276 53013
58963 -65304
-13485 -28674
-35184 -27711
29087 40776
52221 -16148
1161 29625
59211 -38006
-50156 5913
51304 23993
-24740 11007
-462 34492
49591 20644
-43670 -17395
34505 -36681
27366 -42674
45710 10469
54299 -46880
62063 -36112
37629 -271
31304 -12655
-14574 -58630
31168 -20164
-56950 36386
-58658 24230
-58874 12796
-31583 55027
-16430 26024
-32493 58106
34183 19875
5615 -11327
58776 51758
14579 35136
9776 -35273
-40545 -49285
25359 -63708
18277 -16435
-15950 48859
19768 -62639
5337 -18344
-32549 64187
-56043 -63744
29632 -45373
20990 51453
22541 -28625
-33653 -8514
14315 -32119
64162 -7612
13456 56157
52958 -32367
-46969 48829
-39119 31347
63465 54957
-20654 2475
-10599 -49183
-11789 -7355
-26506 -34819
-61583 22142
18626 48919
22830 -41999
-44628 -50814
-9315 -12895
-15051 -21501
-5989 -26255
-54432 9997
11915 -49091
-10538 10933
-40976 51484
-16402 11730
-51548 -25163
27732 55479
32348 29792
33179 57616
63348 36158
63642 -17409
-29111 61059
26567 -51416
-48959 -27493
59897 -23205
25730 -48308
62052 7409
22689 -51785
-50156 42958
2491 -28038
17909 8254
4241 60897
7047 -56996
24269 -52830
-10574 -56906
20691 53598
-30789 9918
590 -24853
-29762 -58469
31402 -35489
-17862 17977
23660 22076
27958 -17828
-65423 -38473
18929 19296
-1540 -41411
26142 40882
15675 23892
-29027 -28624
-32737 -24507
-29801 65051
40913 -14327
10926 -6176
-13054 30258
57179 10295
-23173 -42299
16335 6881
3484 -24
-30908 41836
18790 -63550
11204 -20209
46568 50476
40828 -49551
45826 -41518
-40909 -64232
-55284 57643
10442 47515
15781 -39016
-33506 -22287
-25581 -23191
-18125 36514
-24699 48662
-32706 -57256
-22795 18039
19801 -30395
-44228 -7128
6651 -60519
42466 59741
16157 -61024
-19274 14570
-59548 57754
-28697 56912
-21045 -17831
-31086 -5631
9586 -9419
21912 50109
53439 22414
-14018 -8952
-17949 26027
-24655 -56864
44313 -6381
-23895 12190
54682 51680
41845 21828
-46217 39369
34237 -8270
7131 -24064
19972 -59410
12798 -55182
14988 -4207
38221 40977
-21227 -59613
-29706 -835
12728 40480
28213 -22308
-20132 -13611
-58840 -7522
-62892 3476
-34714 57821
-51574 32291
-14798 -33672
53953 43618
18269 -61930
-39180 -33462
-13646 -47371
-41252 60554
-19710 22236
-7451 -54809
-45749 9943
-60023 -38596
-35199 62127
-40362 -11108
43890 26932
30802 -22678
-24205 -22699
25451 17699
45961 -3088
-64182 38474
-15663 23812
53752 1583
-35920 11097
-44843 -7053
-5755 10294
-61853 -978
-7858 -50177
-45733 -36651
-12372 11460
-33497 2648
22177 -29039
-38489 14931
19504 44003
-37829 -36857
27563 -17451
65513 -40702
59102 -44379
46137 34394
-52065 -65202
-13395 -57987
51377 -63228
15779 -27008
50272 -61172
33022 -40571
4395 -26707
-23954 44719
-11908 -23361
23426 54519
10248 18469
13070 -50376
20478 13101
-14113 -26771
-64479 1857
-36459 53467
47025 12499
11043 -27979
-3275 10685
21610 64770
-60084 43133
52956 28987
41204 -3031
-62615 -34805
-53266 47770
-46047 -17490
-58751 -49962
7116 56979
-42768 -8151
17765 10608
61619 -60360
-55045 1518
34278 45603
24666 -23212
-47141 -15063
-48158 -12403
-10177 -13224
-12630 -6681
1422 -27356
-9574 -12171
53345 22947
31330 -43875
-60233 -22860
29585 5284
-7027 52849
-29751 36270
37613 -20878
-56288 -45702
16163 -52016
-20148 57458
-58944 48306
-768 -2430
56522 -4737
-63722 -4436
-38773 54507
32406 47303
-54102 26538
21221 21692
-12741 -62431
-27827 63729
-54450 23877
19523 41547
-41725 -31465
-22546 -20041
-41352 16087
-46097 2846
-3645 -37072
20927 -58025
-35471 -44549
28884 -6459
54460 -48835
-908 57536
-19755 41796
25800 -17419
22190 -10333
49805 -23124
-57640 22519
-51058 38738
11500 -12423
55931 -43219
58846 43295
-781 -19576
-3682 35179
64040 -41490
41169 -5762
30786 -40570
56476 3008
49153 -46078
-48116 42462
39499 -54219
-34457 -30350
51964 -13558
-64884 -39135
57715 34806
-16170 -35860
-50975 -33817
-48033 61104
65282 27019
651 -44107
52619 54830
-17705 -27166
40521 37933
-18892 -44458
-24850 -64885
-45350 -29493
-65148 37746
34008 -11225
55607 -62269
8632 20358
24512 -31367
18913 -22462
-479 47820
-53765 -60148
-39979 -50675
54635 -24606
-29747 46450
-16064 -2865
5012 32617
3319 6485
-62094 -16988
21443 -59795
40615 63173
-25151 43213
5945 -24732
-27176 -14693
-4576 -2354
-34617 56280
-10371 -52365
28831 22021
32913 53383
53087 -28517
-57169 57250
41590 -28136
-12134 -18037
-63593 -26884
-22702 -10928
59838 39224
-45825 24916
-46458 54451
-28682 -18641
-11881 30360
-14517 26415
-3331 11750
2511 -4271
-22861 49170
19787 -27199
-64841 58514
-56451 -24735
-57657 -40585
51244 -58454
-45470 -16608
61564 59312
58622 -8376
-3572 -11646
-50764 -49726
33686 -38643
64834 -64088
25612 40379
-55180 20350
28655 -5253
5960 -30598
2109 -24297
-38197 1439
-54664 -1782
-19421 56870
35680 8325
17873 -19012
-61268 -6653
-29798 -17615
-12771 46161
5928 -10646
-29587 -41313
-43772 6696
52601 17870
-13726 -40181
-25238 -27521
22056 40230
-36655 -34285
-61753 52793
-17610 -63053
-29514 61075
-28903 29905
13706 -45432
55189 37480
-4476 -20133
-21493 17329
-20917 -59718
63615 -21376
17076 42703
-47623 22873
-55857 -4885
-10916 9151
30366 -22181
-48652 9167
26918 51169
-27920 -8543
56079 -21936
14269 15141
-15507 29007
-9922 -41933
-41022 28585
-30773 -54052
-40287 -32241
-53823 -37081
-35186 -59384
3271 6290
58993 -60396
42465 62901
-9155 28640
34214 -4926
30636 39825
2413 53838
-39084 25652
16065 65230
-19260 15797
56446 -11237
-8445 -46843
12626 -33271
-64608 32244
29001 -33415
-46770 -46223
7516 -40440
-61103 -56237
-44553 25409
315 -59634
5007 -15121
-9926 -35466
9755 14126
-40681 41201
40546 -32949
33961 23848
-48343 -53442
-51606 -21956
9139 20799
25346 44077
-35714 -53673
-28758 3822
22688 -25347
34394 -49066
65252 40765
-43581 59988
7053 -38048
9491 21014
-27415 -19341
-20673 -11685
34819 36504
8124 63595
-37473 4672
64725 39704
-29854 3841
9567 -53201
48407 -49352
-38918 11418
-49764 -18079
-38627 -5746
-58119 -23270
13819 45992
48110 -53079
58143 -37501
64949 57340
-34731 37905
49708 -3830
-10338 -35902
14939 -1383
17010 -65156
11265 27217
38175 26092
-4497 20556
53005 -42023
43232 14758
-64377 62264
45899 -55600
-7846 -49475
-61956 -10891
-9401 50618
-11866 -52248
-55836 -11597
-24668 61447
-26286 27019
-9612 3374
47507 -22365
-60952 18077
19904 -31505
9000 60573
-10660 11539
40459 -63788
53749 51589
64472 -41112
26831 36571
-55733 -58787
-4940 39144
27632 -44854
38394 49261
57636 -16753
-65023 3668
-58305 -20994
39883 34872
57594 7138
-24493 -44474
-47510 11751
-16305 49191
24050 -32613
1140 34009
32000 -57070
16988 46095
37769 -28847
44717 -7517
49659 37379
3242 -3253
51059 -24557
2219 -6682
-57582 19928
-5684 -40655
-15729 -52302
-26494 18527
-33709 29265
4084 39684
-49064 40487
21310 61266
43913 1990
47016 63698
34539 19110
12548 -30086
-54409 37796
-37038 51549
-45456 58887
-62501 -61896
13433 -37344
-33235 -9668
-4284 -52639
29533 47140
11016 42298
-4303 -25054
-39895 4749
-35312 46248
15371 25577
56624 -10833
-9292 -20876
43965 30239
12235 -43937
53872 65259
-15307 -24139
-20262 43553
20030 45588
2042 31730
322 41154
-43690 38925
-32125 -7067
-62310 15313
21805 11924
2010 59978
-55382 -28687
-1074 -61878
62594 -40961
9284 -36981
47828 10431
54871 22352
-27795 -32094
-33936 17237
-48590 24188
-62599 54319
7276 53388
40808 33532
-16005 16340
12439 -10337
-51557 -583
40366 -18888
-61710 -35892
-50285 -4782
51384 20782
-50068 -40733
26203 40134
-21953 -54544
-4237 -11288
-15124 -15530
-47556 10004
-20664 44880
55228 -7501
4098 40993
13511 -20210
47010 -26251
50932 -31677
-17434 -26159
-29124 -12366
36206 -10908
18864 25814
58181 55124
-62787 31410
-39855 8035
-41878 -60660
9144 -8308
64515 -49537
-50363 -12574
-58385 -21581
-34247 9309
-38236 -7969
45984 14401
-46820 -18743
30318 8827
-40484 4578
-45804 -44899
1251 -63831
26853 22374
-9603 -29947
-41980 23171
-26614 -39791
-2507 -31296
40623 -9293
52429 62783
-40312 -19968
-15648 -36319
-15529 -34373
-52743 16452
-52672 -28424
55812 -11398
-50256 -20725
-20795 15108
47252 8740
-33515 1052
40904 27610
-3044 26005
-44121 43679
1397 23442
-34903 54615
47290 -13514
39014 51101
39991 41879
-16420 -61110
-63581 -3058
-52486 -38993
25427 -9267
17872 -54505
13485 38847
41651 31657
57264 15619
55376 28147
61224 -34028
-18724 -11677
56554 17897
13581 10115
6697 22895
-31019 -9559
-57593 -18575
46182 -22169
60606 21406
-1627 -42019
-46078 19995
7838 -60790
-60769 10228
-27069 48177
-39893 -33471
60573 18653
20554 -49363
18613 -10952
12982 -24943
26888 62320
-36086 17564
-24753 -18289
9967 4472
15096 -21187
49496 37010
5155 34791
22431 -8333
37625 45037
30794 33298
54593 57747
-62057 -31977
-10790 -32012
30698 13227
-5334 -60550
53775 40008
58338 48099
45681 -36321
-48885 -16464
33277 15238
-49902 -3738
-5659 -28180
27572 -8591
-6931 50907
-5705 -25479
29 -63301
-46739 -59350
-1594 -20752
-46575 -65516
22446 2954
44846 14489
-30714 32089
-62809 -28502
59151 -19939
24943 3519
9688 14478
-13018 34703
9320 5865
52173 10837
21653 -63096
3190 62840
-57806 33257
31004 -18680
-17538 5949
-23384 -56299
4150 -40020
-3638 40031
-1668 23102
-40453 -43276
14718 46915
26137 32795
20643 119
-39623 -28934
42400 51603
-24729 -61793
19006 -33933
5092 21093
53483 44928
-22174 48026
14746 -56264
17512 -2108
-37659 52857
-61320 -51927
61525 43507
-27658 -51718
-7221 -48194
31780 -37505
6296 49120
46980 -29171
-16281 1030
-40819 -46573
42889 -42814
-29075 -7696
-55472 37122
12724 57307
63757 -33274
-3408 -53386
47525 -5780
25982 35975
-50897 -63434
61737 -43847
56945 56270
63909 -46003
15711 36494
57943 -57251
20733 -56680
28330 21606
18662 -49786
-54641 -65255
36525 38570
-38644 11409
-61751 30659
341 4030
-13818 31370
38900 -28927
-46291 62934
-57411 -53614
-32663 58338
41752 24295
56816 11123
-32243 13403
7075 -44783
57561 34690
-58475 26144
-33075 -27416
23064 -28494
-63791 20544
-24578 37348
5355 10476
-49136 8351
3773 14166
-105 41608
-61927 1068
46640 -8532
8362 -20091
-49490 -25453
-50833 -35474
-61083 26086
25402 -24650
-9261 33676
49219 31098
-5226 5283
-29066 30737
58239 14722
12445 -6303
2951 -45252
31000 -12080
59963 -38792
26926 -19190
46607 29292
2356 59404
51089 -24218
-46015 25297
34613 46221
58759 -21858
-55402 58749
38235 5998
-5085 36785
-4645 6393
-47739 7282
23116 -48165
2511 -23284
1168 19972
-21549 -33982
34004 14522
-55116 -59003
59442 15176
41933 -14346
62719 59865
-45572 35556
-32586 -35038
54165 -5130
-2543 16871
-62569 -37553
65173 -15962
-3455 33477
-64785 -50300
59547 53028
47680 -45686
39778 19967
-37303 41151
64487 61514
50048 -43377
14854 -51669
-20800 -26889
-28739 30292
-29972 -53737
-28319 34718
45595 61826
32171 23214
6030 25003
28569 14719
-51955 -15395
49054 52900
4276 23303
24060 53857
48816 50052
-47412 26449
-16678 -7141
45069 -53081
26721 50240
4345 10399
-27123 -63842
-30088 -12383
64627 -6965
10766 -10229
16440 17452
56629 -24613
-26029 35047
2485 -40651
15956 24508
49567 50507
-44525 64389
29749 17304
-6363 9087
62755 60015
-63408 15267
40523 25845
-49750 -29336
-11364 21965
39875 -18599
29988 3271
-12179 -62173
-401 -62381
-49066 -21130
-30644 58729
-53645 -58167
-61194 25894
310 2659
23389 20301
53876 -57297
-34601 -152
52111 -57112
-42456 43257
-9678 63277
55594 -6889
-43980 -40450
7665 -21810
-45129 58671
-623 24983
-13935 48279
-9287 34271
-8572 17080
-24434 -31834
-14543 -5458
27784 -61891
16980 46093
15241 29124
46088 10003
1801 -25669
-59473 -5216
15412 -22610
-53741 -1317
-33642 -13818
5556 -53450
20920 60778
-3923 58161
25075 17369
-46819 -44905
588 58935
-32332 755
50240 -44509
30428 -61492
-2005 38508
3619 -43644
30196 36582
-42172 -19390
-12208 8739
510 3000
46144 -48176
51450 44569
-32929 -21313
-58291 -28973
55982 -21087
-11179 63879
-54171 47113
40106 60943
49970 28404
6503 -20335
-421 25181
34176 -38322
50620 -32217
26003 -65339
7991 62768
62866 -52091
-35323 21895
-9594 -32092
3288 21958
49928 57829
16430 52157
2306 -50977
27070 -42723
48157 -56680
24748 16573
-58957 -33778
25814 -55936
-54492 16135
-46457 12937
-44054 24901
-11982 -14295
-27087 -47904
47722 37082
38728 -51428
55564 -45075
-30611 -59965
30367 25408
65147 14106
-32600 31205
-54205 21674
-2151 -10503
50740 25713
-48335 13146
-4478 13727
-28616 -16622
34541 -50161
1174 -58261
4818 -58066
-56058 -45447
53725 28246
45652 64422
38721 1591
-61540 -52542
-12220 33976
19849 -9892
21557 46212
-35611 -61353
-59881 47205
-51967 51123
-33336 -43451
-1773 64723
-55315 29771
-61486 48764
18887 9603
26350 -60599
62732 -3021
57323 -17589
12311 -33097
26815 -35825
-33135 -60275
16395 -3291
54168 30177
-4463 35234
-61847 -7851
4390 52978
26738 -36051
1561 -52513
29903 15975
-17252 42846
20819 57146
-40154 35638
-16117 -5479
59688 25682
1528 -26834
13004 -38324
41761 -30747
26070 -24676
-45392 38563
-54369 -63430
24214 -31664
33608 -27738
3509 -34520
-16718 31015
54508 -27801
-52765 -62623
27527 -35316
-24719 -40324
633 -54779
-1316 -11681
60950 11026
-13459 -18254
-1494 48113
-43097 18881
-57469 24233
-17279 -12470
64789 53477
3301 30175
-57154 45913
-10432 15847
6222 19410
3173 -18377
-25723 -11280
-52175 35486
64597 54453
-24635 44569
-53639 14907
-41912 52966
-8778 62710
-38202 48747
-59434 50867
3870 -6322
42620 35841
-36959 -18019
49543 -20148
-65498 -1632
-29736 -884
35614 -55016
38746 55385
-34533 -31242
-26585 -4049
-9585 34831
-60142 -53297
2968 -25146
-34085 60249
-44271 -8473
17605 16895
4326 15739
-21760 -41793
47212 -40918
24904 -57163
-2079 -17070
-28023 62874
22127 30227
42738 26
33204 22026
36050 38955
59753 -12506
-62185 -39114
-36586 -28668
-37636 -12732
-37468 -40138
-53796 -53184
21169 -8830
65258 -41494
44893 30359
464 26168
-29765 -522
34137 28611
-40403 -60503
15417 -51798
-57607 53629
59277 50602
-20536 -33543
37228 -64813
-1618 -36936
-6591 -45968
-4766 27147
-25395 -65172
9921 -52043
28043 28743
-11494 -40590
6096 -32395
51010 12007
20223 14644
-15576 -40934
37561 51417
64966 -15697
31368 31439
32888 -22506
29646 34025
56558 23944
-8029 37546
45758 11017
5957 -53815
-11474 -15244
-53434 27848
26824 46145
-35186 26041
-48676 56365
63205 22082
-54394 36563
-38648 42076
-24060 24571
-15974 44034
52311 22530
-23983 50499
-64115 40886
23078 -29048
-13820 45494
59799 -43157
-11629 -24610
27526 -29931
46775 43172
20268 -32421
-44013 -20663
-41442 -30578
19603 -46100
49533 -22227
35456 -63599
43615 62842
-16057 -53702
57431 31063
36783 -7350
32356 -51618
-56214 48404
-52722 18694
16825 -22280
-16830 -3239
28577 -44806
-19674 36693
-43140 -7934
35871 -12108
-29604 23701
-60676 -44694
26675 46925
61792 -17957
-58042 -37905
35618 -54993
-13908 18209
-27911 -33099
-63699 28577
-35613 55056
52877 -11951
60452 -61002
-54252 29776
-219 -7298
569 25447
26485 -21654
-9204 38661
31055 -61506
-13328 14985
-64159 24631
-13596 21861
46583 -32438
37720 -42783
35617 -26694
-13205 -25430
-39957 16284
-37746 53004
-38473 -25863
-52215 36976
-6776 -62201
52250 5660
-64056 -17305
-64026 -15625
-23889 -11841
-5519 15283
9053 63836
14755 -27011
-16177 -31299
34379 61762
-6855 42218
35604 -48085
8525 57186
-56462 48954
-59451 45831
9518 60327
132 -19705
-47330 40533
15179 4272
-58494 -26383
-11147 -29451
-49168 36719
56167 -15363
-26275 -39964
-3016 58556
7358 -41088
-64880 54406
63471 26033
-8402 2560
23015 -54611
-5856 -32206
-62334 9158
20742 -52520
52549 60960
-40722 25057
26603 -2822
-7151 25187
47878 8184
4743 -58685
-35014 -52106
44295 64711
-53572 -5324
33846 7166
-64276 51099
15843 -6175
34621 42339
49700 -65480
57769 -45402
-26119 -52194
-3104 -28044
65283 -15211
-31041 -62197
30306 54140
64892 47245
-59078 -49209
47843 -6071
-30852 -37123
-64980 10788
-24093 -44369
44401 58984
6296 -44736
44202 -57977
-19926 -28726
-3024 45225
-16674 -54950
-55382 -58189
55859 -22483
-35655 -54150
-13451 -12823
59193 -41741
-61618 20851
-21678 -64407
-16492 -38855
-45857 915
-59691 -40563
-1806 16396
-41111 695
-13309 10910
31061 61233
-17454 7481
-36536 21237
62760 45875
-7051 12833
61014 59194
-49989 -22960
-38780 -26576
36124 -46522
-34903 2753
-2263 28770
-4484 -23836
46839 -57461
55747 17802
-37351 -8636
30420 -40286
16509 -60930
-23891 21815
-16824 13789
36756 -60375
-36499 -48118
-46350 55401
45088 59511
43002 -48623
58578 62236
-43006 11778
-55302 -7986
-26048 -26640
-59335 -56977
64914 35623
-22674 -23888
34185 -28867
-20198 -45168
59745 -31064
24834 12488
33924 -35152
46425 53434
-49274 20826
32438 52899
65320 -16850
58048 4638
-54058 989
-37991 -28508
8463 -13180
63991 23676
-14565 4769
-3103 -64001
48364 -10875
36464 -18327
51635 30151
37400 58393
5071 -24466
-16306 40946
-11186 28634
31372 -6570
-17258 19329
48983 45433
-21804 39818
-55483 -5798
-33946 56445
43594 10887
65417 37723
10689 35570
-57634 -33895
-23881 -59256
46520 43699
-7529 52766
64152 58812
27879 10293
-37321 43502
23485 32126
-49696 -47329
-38416 47718
-42255 20679
45551 -7237
45957 -56726
-42479 -52980
50653 12461
62783 -19161
22127 -1487
-31104 -61699
14214 -57208
15982 -53451
-61767 30184
18396 46359
22871 20700
58982 5231
25089 -65451
20459 -56105
64940 13791
14796 -64437
-56 23226
52578 39959
-27710 41833
-2393 -18128
29599 4840
-30491 -13174
-11978 40313
-57799 3872
54334 55656
25696 47009
56610 13492
-29382 -17792
40192 48949
-24213 -22739
2239 -54165
49742 21893
-50983 53840
18775 -7252
49354 -17963
-30314 31824
48586 -13829
-60577 -32329
6542 -16041
45162 -2071
63326 61787
-14120 -10382
17728 62635
23489 -29214
14388 -62851
58372 -29897
31661 6171
-4519 -32573
61785 -28245
56475 -39833
40041 -62431
-62506 -18292
59346 4162
43244 64499
-27589 -41640
5314 -46581
-53496 -33134
60398 -44623
-38409 55180
-10303 61508
-42579 22068
-41114 -44246
-59334 -65003
-40219 -10472
9698 55748
-39953 -63892
51364 -21115
-20591 47801
13160 -56517
11709 28948
-7828 -55313
-29185 42725
-25402 43610
48044 -57845
-64432 44661
-17116 -17542
31811 1327
-19402 55980
-12418 59900
29611 -34646
-35300 9543
5593 64163
-10921 -52790
-33442 45787
13346 33306
8461 59242
16990 6068
17307 24749
-55685 -62211
-6593 -17780
46845 -6115
33045 -18997
-62399 6673
55818 -41853
32660 34150
-27776 9529
63106 10898
-25148 10498
42184 31410
-30441 -23027
-56595 35238
-56374 54952
52289 -62401
-14177 -21416
-35162 -50196
57302 54113
