2576
-49757 4747
36392 16924
-58885 45627
-33077 19636
20478 -23392
-17118 29777
-9310 13947
19772 -33328
39195 22942
54765 -29159
52951 24388
53930 -13196
47124 35554
23238 -7567
-4678 -56187
-30605 62296
-55504 64444
9285 45051
3908 44030
57695 -7022
-24581 19966
15095 52313
9709 48306
-34650 64594
-42895 -54478
11817 4554
-19276 29515
34240 -19252
-51549 32667
-51698 -57300
-49534 -16921
-37400 62287
56496 -36115
4852 13938
-26542 37118
56925 -29440
-11505 12531
-18528 -17850
50545 -48392
-54312 31822
22065 -4659
-56856 -40006
9888 -43879
53385 -15876
42712 8945
55874 42166
-13113 3104
49831 -6861
-52108 -35205
-61563 54931
45125 -37302
-45161 -8238
32265 -20838
-56929 -48522
36859 21105
18194 38467
-15904 43508
2781 1342
-30811 -33464
-42206 25223
-32834 -41460
-58840 18329
-41405 10048
-21212 -59784
34426 60039
48103 25661
19917 61529
-40269 36029
-31127 24972
64618 -58594
-36289 -36537
8739 22558
-56700 -63403
-4330 22500
-41367 -14381
45024 60782
-13855 30046
11370 -2306
-29314 -14092
-48772 -60318
23824 44326
-8585 38430
1911 27746
64244 -43399
60122 48155
-46794 -57234
-19055 53943
42884 -60369
-26449 12926
-4905 3680
-40915 -19179
57615 6698
12449 32168
48316 -54423
-54912 35168
2323 59058
-45430 -18337
-64686 20940
-40749 35684
39427 -28146
40005 59691
-22754 21226
-53010 -32887
-61001 -32941
22715 -36922
21476 -18161
-45301 -29336
30507 6641
28073 -11944
-50439 -14060
53257 36171
-22023 57106
-15578 36122
-18684 33244
-7053 21443
36262 26640
-17372 49211
10033 15671
-54061 42916
41819 19472
-29522 -14845
61371 24376
60549 54767
37644 -5601
9018 -55361
-60939 -12777
44457 32756
30189 -10240
-19917 -11806
3066 28334
-33531 30919
55021 -53105
-20767 55558
38398 14784
-39908 -33588
-8161 -3939
25366 50467
26343 36658
-11482 14185
-46476 -56646
50946 14688
16669 -41015
-57523 -19555
-13781 2488
-64785 -39898
-6967 -22325
-3791 36975
-6142 -20889
-25526 -10139
9018 -59797
-38334 40520
-11909 40511
39392 -8390
-34006 28333
-20189 52796
50559 -51464
-4332 4677
-37051 -43552
40301 58403
-30810 -35671
-1886 48759
-11430 24822
58337 18001
61169 -44386
41951 -5235
-40673 -1519
42074 -22145
-57959 -35250
-31171 -56247
-61294 -10162
16605 52422
-31575 25301
-55378 -63408
-22555 59696
33997 52361
16133 34302
11403 -47230
-45304 28909
2352 -19449
-60639 -56337
-59984 -54917
56399 -43203
-679 52504
59055 -48404
-39948 24603
55721 53361
-58085 60474
57662 64777
17557 -5146
43820 -16847
-19132 -62444
26696 34062
-56845 -17861
44581 32207
62625 65481
61120 -54444
52537 -18511
59209 -56737
50480 -62794
-21599 -7487
-62906 -54867
14181 42095
14431 -47840
43025 63493
40052 30736
-4863 53909
45436 33422
26290 57187
-37414 -39601
-55354 37162
49888 52558
-31602 -33625
48660 -63242
18023 -42054
13948 52589
34957 4722
-45922 17231
-58962 13380
-7351 -62228
9979 28309
52171 14171
-40672 -43323
13752 64717
6674 -56270
32510 -25260
-16175 -5426
41192 -51857
-418 15016
38222 17246
-30442 -63203
39994 28366
49659 -39473
-57062 -12311
5608 -41616
49639 -49309
53007 -16901
20734 -31547
42202 8761
-9848 -53736
-64147 1755
55837 -17956
62454 -27096
30882 -6093
-55475 35395
-19824 -6693
-44396 40450
52577 -44475
-38093 -11341
62165 21480
30650 48959
-64889 -19456
29048 61761
-17503 20066
-23818 11927
-51043 3739
51774 -61138
59809 -63360
-63073 -40948
27129 -49368
-51576 -57569
37627 41426
-27801 -58585
-55727 -46087
-39597 -30724
-32783 3761
-57499 -32416
-8293 63229
23437 -28135
-19652 31983
-63055 -20184
-15595 -45336
-20575 -61251
45358 16862
4913 -51413
53759 -30009
-1685 -54446
-47931 -50999
51722 6927
-21728 -65370
41940 -45235
50354 6326
32539 -59286
-55903 36290
411 -19577
-51048 30362
65290 -45875
-47427 15595
34635 19316
34776 28327
21436 51376
-17231 -35036
49318 -18507
55130 22317
-38808 44676
-7733 -39491
-15885 231
3033 58979
52758 1380
-41150 -57822
-3105 -32998
-5375 -22556
-5105 47238
-5877 46971
-51101 -57211
23406 -2704
17944 -8706
60157 32146
-14696 -7484
26005 24692
34992 -64465
29264 39391
54952 28114
12499 46568
-44404 29622
-23085 28321
16689 -52514
41885 353
-36162 2559
54556 30366
52689 -36828
23934 -3972
-61914 -57679
9940 -43923
-31670 -18212
-13694 20010
57074 -30922
59921 24201
-13847 -21023
-17041 -5970
44132 -35282
-33680 58531
12562 -56985
31678 51049
-61994 -42129
-31652 -20171
31219 -32259
19255 -14250
59071 15808
-62395 -56994
15934 -55889
-12946 -23700
18486 30527
-21224 32920
-33234 36572
-33801 40154
4102 -5136
-16481 -37577
36318 36388
-32305 18875
-45931 -3642
-38700 -39644
41108 -35250
-47189 58765
-7621 16320
-782 -40209
37596 34364
-51452 3295
25084 -29792
20749 12461
-44475 -36234
-4688 -64142
61297 12561
-13957 34542
-14858 12824
43850 -65136
-28785 27922
25905 9969
-37175 -49313
-30348 60441
-47177 -40856
-8701 46305
10161 45417
36188 -64230
40555 -55079
-23794 -9223
-16316 32913
64442 -18579
-57746 6531
13228 -63856
4946 15232
-43048 -10518
26853 33111
3716 37097
-57190 -13839
38078 61476
-23634 9234
28261 -64572
55510 -59561
-10930 -12660
28294 -24988
24168 33790
28957 34646
4943 -62138
-22892 -3772
37545 -49314
32643 28656
-51098 -61524
51805 -3305
-34673 -49554
-30864 47301
36961 25938
-943 -11575
-6819 24134
38251 -42622
37135 -21270
-43791 -20527
-51126 42449
-21124 36598
55921 38836
25033 51344
-16875 37125
56671 -54866
8649 -35697
-54929 -64310
58952 -42540
-30337 -58818
7493 -13243
-65372 9148
-16050 -1817
-18427 -57870
34121 -5428
-20931 13513
-41130 -31181
-4445 13287
-21728 -6721
-30705 7625
4275 59647
-36330 44177
-4327 -5254
-4848 27053
18638 41832
40817 41227
41706 16629
15545 -61585
-30605 32202
-2557 17959
3994 7882
-54318 -7633
13527 2379
44530 -1973
-57618 58290
-51556 -9678
-15311 -40243
55428 -57915
-27987 -3484
-34383 18213
62579 -12445
-15432 56874
60815 -42893
-19368 283
22914 -13771
65403 -4668
36453 -22395
10647 46979
18986 5018
-15285 -61447
-35516 -44271
29455 -26432
-37712 55060
5997 31059
49051 -36922
29819 -27069
-8484 -34003
-61912 60070
-44780 24609
55612 60028
62641 43156
43689 -19578
44538 62682
-38381 14288
11362 -5868
18018 -25963
-5334 -9318
-821 16488
29995 38999
36451 38102
18945 -30192
-62785 64337
1970 -62947
-17051 2519
6165 18001
52194 -33051
-21363 44077
19841 48621
52440 61866
6010 -125
-64439 50709
28958 -17631
10784 13511
-56723 51217
5941 -3138
-22475 1859
53119 -33120
56626 -11737
1902 -5106
-32387 24982
-39607 -3595
-60672 41390
-31489 8053
8748 -60577
-37585 -42814
-39723 -13398
-18132 -30631
-60878 -55403
-5950 -36646
22986 18848
99 -40891
40843 7692
-5023 -62150
-57712 -354
-41022 16904
1607 63366
-62265 8930
8520 25542
59277 11710
15421 50587
28850 24207
-57495 50352
34286 -37877
-18524 -9547
11019 -43333
26007 -14155
-12479 22010
44285 -11736
-19328 31996
34671 -50267
30305 -13185
45656 59115
58222 23096
-4655 31556
-59909 -7381
25018 29885
19593 4758
48491 -15445
-62517 14044
-48937 -23800
44997 -537
7260 -37666
-7541 -26385
-45467 31488
-61113 52494
36984 -40123
-4963 -43915
16567 20921
-4038 59303
22495 33846
-50599 -2418
-19356 18624
-31682 34222
-10748 6010
-46544 9767
-43884 45887
17324 16176
62984 33444
-63272 -61646
17121 -40397
-37596 -7924
-29157 -58728
-43363 -31844
46607 2934
43075 5541
-17162 21203
-43333 -5610
16222 20568
-6585 3770
50374 25088
15309 44666
-22624 1462
-23472 4037
-19343 7802
19721 64782
-63976 63970
39253 4413
10069 -57075
3562 -49421
-17961 -47527
5762 -29079
-5096 17318
-22948 -48428
-18863 12341
48898 -10164
-45897 -59249
61436 32494
-26443 45874
8846 15359
-57300 30494
42892 -35403
38527 15583
26734 -26200
-57574 17658
-2102 -36137
49696 -62612
-60921 -26020
50198 40259
-32962 8879
55466 -12506
-27217 33625
-35483 14844
32608 45264
51345 9136
51778 6841
-15479 40982
44615 -58475
14611 26862
-61376 -45757
-43716 -26323
-53852 65072
-36382 -42032
11869 21993
60121 8679
-11998 -11175
58785 -23329
-42433 -38134
-7101 63037
38409 8277
-7726 6964
12846 60200
-64525 -9313
-17659 -15641
45347 -55382
-9556 24858
-48978 -27527
-36670 11514
-52803 -53221
2828 33659
34872 -53379
40274 12425
-21561 -51711
-49649 60827
51817 47046
-5091 55855
-19756 -6701
-51674 -11854
-48042 44520
10611 14094
-40901 45203
-15838 -26973
48109 45125
1130 -45382
23767 -55063
-49058 -24458
-51956 -64192
-43263 16532
58619 51607
50095 34954
12485 5887
61022 11280
16630 -21151
-42069 7700
-14754 22623
-44208 -35996
-32866 46169
-14596 -29125
-54604 9916
25991 40983
16546 30565
53312 -11425
39384 41855
8374 40414
-43909 -50849
-40245 39964
-16858 -23891
-17627 -32896
-42906 63366
34255 129
-62834 -9319
-37329 -26597
38579 -11785
12027 -16015
17929 33714
4557 63801
-14570 48500
47325 16224
-10047 -35480
-51541 -843
6823 -8849
4375 -52282
-52295 48239
60077 -44069
-6672 6119
28242 -57
-9172 -18380
64941 37383
-31365 -28034
40097 -40338
-52422 2369
-7652 -24422
-64264 -1486
2904 -42576
27246 278
49034 30736
14345 -26275
-26076 56758
14919 22580
-12646 61594
-50790 -33382
-60625 2591
58653 53289
-62600 -48971
-33591 -10061
58773 9869
8777 21732
36689 14254
-457 7409
15502 37889
51244 -60993
-37354 -37944
-54517 -35929
61946 30078
40248 -43210
-49761 44926
-55470 25600
-52470 -28823
-6102 -44386
-42792 4113
-42150 -45594
26036 -12883
-13938 51375
19580 -51892
42534 29552
55339 60026
-60106 7565
64294 -58431
-38388 51065
-7060 -16092
35588 -32643
-12810 -62928
-8457 30793
-2897 -33056
-46827 -1119
54719 -21600
43018 -65019
-51479 43442
-114 63123
16181 37518
64329 -33675
-48013 -16129
25022 -34445
-10225 41264
43898 -44407
33909 34662
33832 1863
21677 -17115
-42974 -10715
4157 59517
-12588 366
60545 53941
-57718 -25447
20982 45632
-44799 34276
63642 -56062
20217 -55087
28972 -64845
-10161 -51986
-25617 57330
35553 -11914
28187 3895
22076 63058
-7731 36493
22911 52458
-18555 60793
62190 -60510
62452 63124
35481 -21582
20851 39359
35936 65237
61024 45544
-31140 -46994
-45911 7868
-21118 62253
-58609 29025
-42581 -3010
-38350 6298
27530 -45438
-26693 -61165
-63486 -40050
-39977 -12981
18071 23936
31238 56793
52814 61037
-28540 -12334
-61356 8786
-9654 12638
58189 -11446
43468 -12726
-35602 -5205
-30959 26817
-283 -41174
57975 -52073
33457 32845
11689 -57132
-26977 29076
-56446 -3389
45022 8879
-8778 25180
13283 -28434
60990 43745
-9282 25554
32470 13408
7691 39325
53674 25817
33339 63316
-3819 62835
-47387 -56930
48905 -33319
-33303 -34975
-14715 59206
-44492 -7628
-15080 15024
64429 27962
-19420 50480
-39756 -50029
48687 -56196
37464 -18059
-47506 41996
-9230 -5403
-48585 46852
65373 55824
-7326 43739
-59791 -5466
-12374 54729
-7646 60442
5959 19066
42352 24368
-41191 64153
19025 16696
58822 -33869
-40169 55084
18977 3111
-12960 -52851
-48124 61779
23284 -42280
-35936 36674
39085 -41872
-10906 -54177
-45456 23630
44825 13737
35814 1827
38521 44697
47313 35747
-12261 43612
35760 -16049
-52927 4328
44879 35879
34329 13107
33771 54838
-16709 -39283
36787 59991
-20455 57883
-34114 -56685
24552 10288
54828 -23670
52948 45743
-33213 -50505
-55867 13933
-34693 -57304
35692 -51057
55433 8688
-61618 -63322
21746 1749
-59456 -22280
-21611 1156
-56981 47266
19527 52615
-9050 -21218
-59321 19702
48553 22801
6008 -17416
3588 44522
-58761 -28002
-17310 -43652
-43696 50146
22172 -49651
-16002 55000
-54644 45888
-16672 -16819
-25331 -8613
53165 -45893
5458 -58107
39835 -4500
-59961 56095
-7968 -65167
-48373 -32500
54266 -8875
39776 -34776
-63141 36669
-54751 -29893
11675 13863
-2090 -26485
-56402 -1114
19023 -44676
-4214 -26780
-64134 37438
-1743 775
-4528 -39668
-63645 39507
-19366 -47268
23030 21862
12720 51703
-44518 20710
23422 33964
-4494 -931
-54488 62536
-44723 -82
-58788 -55093
54731 23543
-4534 -11343
10186 5589
8834 -47155
-6884 -52838
-65154 25138
23140 44569
42470 -14496
97 -40084
-2983 50976
-6566 49865
58055 21807
-55055 -3992
-42056 -6929
778 -52349
42196 48727
-58147 -8284
29827 62737
-55902 -65316
26508 -28754
23455 17239
-45104 -11030
4900 -42033
7261 -13345
-43376 19715
31800 -195
27970 -41608
-11976 -62991
-2628 -36052
40373 -17436
-54346 -43207
5745 54322
-25021 12055
25999 -31630
-51010 -1730
811 -21537
-38800 -19669
5636 21562
-42954 62840
-8688 -53257
-26218 -29719
28755 -37922
-9594 38683
8200 31492
56577 -32268
-59675 -43286
-48834 -3496
-37884 32124
-63739 -55842
-20820 22418
39069 -40395
-12390 -675
27749 53186
-9290 4985
-18407 -43611
5997 -10443
-25795 -8002
-26722 -19249
14123 -13459
54711 -39247
37806 45790
36017 2465
35209 13210
-34338 41
-31649 38114
-13075 -35807
-32140 -62847
-998 -15389
19072 -36511
8133 -43992
-53387 58917
-1035 -53143
50868 36018
62767 5760
56816 -32336
-14220 25614
45846 10097
-19489 -3971
-44718 57750
-31051 8314
-63102 -36826
-12397 -32918
62498 -25895
-33583 63248
-49588 -46730
-35165 7015
39369 46750
-10943 64440
-33302 -54718
22855 -35579
-37118 -33772
11188 -30800
52981 46525
-63371 33671
11438 57498
15149 46677
-32264 -6448
-61512 62415
60015 41714
-43571 58875
-4469 -53142
-49114 28663
-60556 -61964
13435 29483
-33235 -27648
42513 -55506
-2869 -10150
58052 -32652
-55053 -1602
-20280 -27277
-2865 -51216
36474 64033
-3692 33712
60786 -16606
-24815 -22673
37241 -22970
45414 57589
-56773 6972
20230 -50377
-26020 -5267
31928 -42486
-5752 49624
8632 -17182
-6829 -21841
-43196 53192
2161 48857
-9497 -6113
34424 64522
-37638 -52731
-19905 -13745
-26770 54181
61082 52253
-12526 -22242
31342 11112
33686 -38885
21508 -52720
-17260 -55778
8197 -56852
21399 7346
-18268 -49376
-34351 11900
-25828 -7629
43027 -980
9252 -10555
41713 5009
-62809 -10997
31476 63389
46982 -37302
64061 -17526
60433 18409
-7964 -52201
9872 1888
39527 61760
-9314 -44395
-7879 -62394
-47107 -30550
-3898 5221
16006 60279
52235 -8569
51075 -55169
55014 -21451
62013 55632
53582 -48328
-30456 -2553
41493 27785
1810 -3856
-9047 -31417
-23591 -35891
-50927 13110
1272 -40761
58636 -62826
-31987 -60375
21846 33977
55426 21138
60569 61607
14168 43891
-52583 -27161
25668 -39731
-26971 -36697
-37446 -58361
41110 14619
-57803 -55905
53751 53634
-19144 39283
-7234 48104
27695 4973
22615 52626
58875 20596
41270 -22320
61159 -36586
-12727 -12853
63166 -30513
53865 15575
59302 -27127
-15843 -18535
-10175 13840
-51453 -23611
63294 21049
8603 61055
-28638 60895
28707 27610
-23150 6155
-24046 -35546
65136 58841
-6757 64051
8410 -44714
-23287 -42197
-54695 57044
-53874 -56261
-45941 -54827
24335 7614
18612 -897
62272 51469
-44128 53783
23519 8789
52357 -51972
-35276 -43671
-35754 -16855
-32757 -43465
23718 -15873
-7975 53812
61800 20347
14841 -22090
-8052 -58254
-26042 -11485
4637 41530
-10315 32923
16628 29671
-43126 673
52888 32845
-34580 -7534
-64508 -32281
40644 -18727
16532 46634
-16713 6887
23987 4249
63960 56441
5477 59072
-3510 -22766
-61958 27822
44363 64048
-34861 1166
-3870 34563
11784 -64734
48812 8422
-54738 24710
36928 17285
-53412 -47563
-61671 -27595
20777 -39356
-36220 5439
-58078 -4136
7650 -10302
44480 56081
58165 9865
7812 -1800
-22267 32812
14608 -4691
17231 -36689
-7736 -38815
52823 49390
12760 16275
28865 -45663
11753 48421
-1841 22030
-60229 13230
-14214 -24159
-56736 -24808
16780 33640
-20944 -55151
45457 14225
-51298 58889
-49683 -11958
-8356 27350
58876 56871
64605 -8209
-48141 -33443
-60229 -22891
-32827 -45397
-33888 40303
21632 55870
43188 -15287
59995 13393
-39439 24173
-53745 -28059
-35144 -13817
-15148 -50156
-33863 -3665
46739 23000
-19080 42576
24966 -16312
-62750 -44318
14507 -37244
22668 19652
-4499 -27712
65046 -51989
60780 -31327
4022 59201
-37603 -51915
62215 -21613
-55805 -24182
-31500 -47573
-47503 10104
-62963 54622
46589 -14859
12560 -26473
-42964 2451
14778 -4651
2783 32559
-56547 -37010
-56778 -9182
-23775 55904
13364 -50636
-7013 57764
64581 64403
-51667 58102
-8264 629
-35426 56308
-52498 -13809
-46342 25309
36362 18372
-24282 -28225
-41181 -62669
-36551 6189
-59465 50436
-32126 58974
-41175 57853
45171 4647
-14207 -45203
27052 49377
31644 15999
16177 732
-6427 15665
-40397 64452
22251 -53134
-10672 -6518
14220 11281
-16556 56205
-20054 23181
29615 17145
10022 -34328
-31319 9267
-61061 -64147
29277 -54796
-45742 -59940
25322 31409
-37128 25405
31392 19705
-53217 -18019
-59123 -20254
-22376 43308
48748 -38230
-4195 12890
15647 9923
-53911 -61920
-44598 -1315
27639 27414
-63330 -22875
-64032 16459
-32195 10189
23997 50907
39737 -32084
11008 -30877
63617 -9454
3602 -55434
41212 -9116
47239 49426
-35028 -49885
9200 35526
-44552 19376
-24584 12868
17997 46655
-56856 -6464
19313 6558
36540 20323
42306 -64891
41334 39137
-44606 -49234
-39351 -59097
-59001 13914
30207 14597
45300 37069
54023 -55605
17904 56725
29609 -7283
-28900 -18502
57051 44649
-9404 -22164
-25405 -21062
10305 -63169
14596 62566
63493 32516
50722 -61878
-13361 19272
-63858 49795
-43335 63885
-604 32939
-24743 -41996
-11719 -8369
52282 -4023
24110 58079
-30588 51181
-59039 -50073
57769 -525
34481 -51367
-15576 57687
34945 20083
8123 52181
-30393 -23653
30954 -25333
9162 65490
56034 -3563
-23997 1337
-33338 -24870
51413 65471
32907 24297
28795 -2391
-12061 15487
-61416 21752
26276 38054
-6255 34289
43946 -23855
-33451 7310
-35363 -35000
-63698 -10998
-47287 18168
-20551 12175
-51205 2431
-41391 560
-27358 -30538
39430 -3160
-18763 63351
56011 -7429
-9586 -568
-6510 34785
-64469 -3590
20594 60218
12588 -53202
-61935 5556
50868 65087
64525 6709
31085 41152
53017 46455
-60980 -53315
-50486 62054
30754 -47725
7632 -37885
-61961 -36581
-37967 11144
-39024 -34184
-20280 -19483
51844 22317
19364 12744
8637 -21937
47879 -2554
-4492 -7947
58441 39495
-13645 -15349
30703 22732
11216 -49063
-49697 36718
27463 892
-64104 -19416
43277 -24499
-31699 -61492
-17736 -16415
-25531 59928
61754 -694
-57838 -39849
-20401 -7509
-17989 -25744
-20992 62196
-20116 -15554
23474 58203
-47760 -31728
-32647 17739
20430 15401
-7553 8105
-25455 5970
-23001 -62501
18520 63051
47370 -42530
-39317 41190
31369 -50443
43069 -57460
45931 -33603
-62896 49355
3626 -28179
51201 38323
-767 28604
-44238 10222
48928 -3600
-10414 -31974
58005 -6172
52282 3373
-2360 -2414
-16927 -8998
43925 19509
50742 -58367
-24042 -48246
-46421 17783
27862 -3841
-10946 -53776
36205 -10899
-40923 39453
9037 28055
-31130 1816
36680 33994
55161 14824
-46161 20072
1715 15406
13074 61856
8226 26990
4103 -51547
-34367 -57758
51481 -52007
-64198 -30145
83 -10649
37359 974
-17023 -49988
-40460 -42403
39786 48115
-7036 36987
62772 44324
-7187 -44943
65134 -44379
-59369 36294
47715 62200
20959 -24671
60245 15316
-43602 -2705
-55986 29811
25390 -45030
46286 -31091
2778 -56524
55439 17297
-55439 -14012
23598 10242
48402 22338
32288 13519
36576 38956
-44285 31992
6462 19140
-10613 -51386
-35623 29164
-9799 -34415
-7350 23978
-62005 -5837
32425 11297
-53758 51972
24904 1868
-54720 40657
23635 19531
19125 51567
-59733 5614
-35661 -16579
13097 49457
63779 -28285
46592 57379
45679 -65184
17203 48054
-8797 -16227
-3847 -17742
28230 -59496
-35618 20473
42254 -60388
38488 10754
47990 -4386
-9468 -41782
12100 35577
-5082 39323
-42468 -28351
-43103 -52635
43839 14625
15708 47948
59835 -53354
35729 -44579
-64548 -41273
30413 -48339
37180 -49478
-51017 54376
49976 28480
62158 -54738
-7032 -37718
21210 -47696
-49183 3741
-44392 -13435
-45068 -21188
-10506 15952
-62742 -47229
16080 28313
-21629 43253
-12416 9446
-22188 -24552
-3496 56609
-31456 3794
-43943 33657
2292 -32877
27908 -63764
-53536 51654
-20846 37998
-31498 -20017
36147 58156
23227 -16141
-589 34271
-40725 11611
-31556 51929
46529 -18529
39783 -34825
-65457 -13284
-5418 -35397
60978 62858
39400 12919
-4541 -64972
28634 29107
-44723 35338
-7356 -52256
49727 53086
15557 -29449
16808 16
-1567 -20090
-40666 -32997
32712 46208
-52323 -14034
56093 -1796
-1729 -22086
-60451 53206
7375 -18690
-42215 -20014
-60612 -28934
-2725 62431
-55681 43202
-24276 53703
6973 34586
42986 22698
59581 51335
-1399 52486
21069 -5308
3757 -22909
26992 -39159
-5639 4601
-52092 -6339
-46843 46274
-28801 48318
-44991 -46043
38277 -29067
-39502 -32401
16726 50333
44603 24744
65409 -12750
6754 -30318
-56721 -34055
61818 -58829
1221 -6383
-53097 64240
44916 -61847
33733 62717
33268 -9622
-63649 -45168
52646 -4870
5102 -37415
49643 -11782
-34277 -4239
-2041 -64793
29208 -49984
-54904 57800
-32432 -34796
-19199 -8223
20775 33730
61077 -21774
-26288 44322
-3574 28098
25189 8729
-10999 -9031
63787 -45608
16508 -32166
35324 -22963
-57174 38811
-30681 -45076
-26397 -20546
1414 -12955
-49610 61203
16058 -6965
-18349 11139
-4084 -16217
-46922 -51811
40247 46774
-14920 -59482
-64994 13195
-65046 50219
55350 45737
-8014 -1285
56883 50269
48243 64640
-4454 -33949
37725 17435
-46604 -48703
-47526 -18107
-30583 -54908
-46404 -16409
-26669 -50605
10187 4380
-916 -61232
-9839 37136
-30699 -53941
26609 40050
-57791 -1711
-54885 3589
1509 16486
-11290 -19017
-16268 62215
-24408 52008
-64860 57014
-6609 38833
-4546 -17526
-17791 38747
-16388 52376
42047 54354
13157 -18206
-55772 -11324
31532 -32987
46077 -65061
-3720 -33295
-36603 60487
24309 -62058
9328 28938
22445 -59440
44448 33954
-6900 -20406
11430 48032
-4627 40529
38896 55258
-46735 -25024
-57187 20835
11877 -22437
-26128 27733
18068 -18702
-29510 56268
63861 50178
-30316 1092
64396 -26208
38942 11287
-55323 46348
4414 21642
-5572 -13637
-16757 1655
27423 -17349
65527 -36549
-7782 -26773
37657 -49032
-28259 -15696
32812 936
-24790 61624
28835 34626
-39033 39906
-35287 23982
20421 -18189
-14864 25886
-4271 5481
21872 -32663
50063 51566
-36978 -19666
7600 39585
-17339 14388
56566 -5398
-5936 43922
-21469 -25738
17309 -51824
-8027 -41522
39984 13746
-5984 -48290
25006 -4457
-9676 25753
-13121 -775
6007 40323
55625 -23221
-65156 53231
2644 -32647
-27930 -5273
-49206 3738
51740 30252
-7290 60859
-43811 31522
3539 -45030
-5257 4415
21166 -8346
15982 23767
46102 -58770
-30788 -59623
34583 28400
-29681 -40505
-57859 -22048
41962 -58234
-42677 -63231
57411 -55723
16240 8583
62796 -24048
-56569 30049
64228 -22963
-32834 17807
9165 51673
-55282 -60957
-12037 53345
-48427 -9120
21833 -24561
-56850 -57679
-19444 -63871
-46204 -35418
-12430 27136
-52055 -18471
-40161 -41993
21659 37573
-54628 -56143
4563 50688
65470 24983
-46402 5879
7312 34516
35817 -43388
-45566 -41348
32331 23378
2872 -58474
-55630 -55322
-22967 16222
18270 -50623
-9074 -13234
13712 19739
54035 18981
-32976 46506
-11377 58639
-7882 16731
43071 -4323
18751 -41734
-45982 -62811
-54156 20470
-15053 64845
54705 52260
25131 -3151
62770 -11947
63039 41303
-14621 -32113
61810 8698
-3375 -21210
-40718 10741
-191 -65252
-58269 -42995
48988 -7145
-14068 -32972
-53767 5258
61336 -42573
-8794 -36442
-27076 -59082
-18625 36213
20023 14635
-29389 -36175
-11880 -54248
52463 -28774
-12627 12490
-18603 -38547
42649 26253
61022 50623
31499 12084
-14217 -14016
-44495 -61273
45852 28943
-10172 -402
-7097 -33229
39959 15735
-20604 -50530
9776 -18318
-961 -1660
-37265 -11090
-19975 -30790
38767 -25440
-9542 -37120
37343 14005
21504 24784
-58385 -61514
-39375 41571
-33452 48889
15010 -52955
-47393 -64829
6372 50161
-13638 10682
-61465 -55183
52623 48788
3223 1903
1495 47367
-51180 -30311
-51037 -22666
49289 9339
38498 -56374
-30485 20088
-49225 -61194
35382 -61830
-40677 51956
17147 -11564
-28104 54464
61150 -48637
-63069 -415
30511 -27226
-37452 -17115
29063 -29738
24142 49975
-37477 -44806
-52275 15664
54920 -18000
-14582 34233
4579 40916
4474 -47729
19125 -50516
-4020 -45610
52730 -21983
50860 2352
-28306 -64675
37059 -19303
-61456 -15847
17931 8021
-25037 56762
38680 21596
15763 -36709
52140 -27351
1477 -3959
-15755 7134
42856 36522
-60334 46039
-11710 -59330
-4632 38040
-4168 -64571
27643 -44422
-25454 24074
59821 -55524
39864 -33561
48865 7667
-2288 -31032
11602 -4060
-42054 60134
20483 40989
35424 -80
25839 15315
-36480 -3686
-57611 62606
53854 14878
-35378 -62593
-26827 -19044
-43352 31948
-23783 -42058
10838 20117
-62476 -14500
28069 -14774
43151 34681
45127 57921
42042 43451
18152 39995
-58260 -5632
-59660 10770
-25333 -61723
-42598 -55631
-58161 -45420
35577 63583
-12144 22955
42220 44330
-54058 2057
18233 53154
-20752 6480
18616 -41917
6496 55593
-38312 21341
49911 -44244
-33946 -12817
-33483 -10399
10604 53865
-46969 47564
-20517 17944
31700 -61374
-52232 39082
-53788 7271
54907 5586
2788 -24588
-60734 -42252
-9080 -21410
-57006 -5189
-34635 -30968
22155 37270
60176 60744
-16905 -60472
58827 51535
-35572 -8951
3269 24360
46849 5588
43694 46880
17035 -48081
36793 -20215
17686 7041
-25372 18809
24830 -764
23754 51866
17625 -25723
-6673 7672
4555 -37081
20803 21856
55787 -20592
-34502 -61763
-8681 -1428
41006 10634
-29643 22776
13554 36608
-36512 -25653
-27137 18411
60707 -13103
-30549 15755
-34160 1801
56885 -61085
-7217 13115
-2780 5602
-57315 -51940
62891 -43653
-32811 -46103
-22760 29422
22523 4552
37020 21031
-38351 -22620
-47240 20996
57577 -51638
20478 7516
2532 -37066
54137 -21770
94 -15773
-13714 -12194
64333 30579
12415 33420
56471 20206
-64805 55553
23954 -39433
34038 -26435
22322 33964
50594 20217
12517 15402
12076 9815
37005 32467
54780 34226
-33164 -11867
-35011 10836
55153 -9373
-9074 -11888
-59377 58086
33905 57488
-26841 10953
-32264 -55378
-9925 24490
-53671 30211
22931 -53001
-54514 28139
58025 -6974
-56529 -58885
-64543 29099
33335 18429
17910 7158
5299 51423
27855 -31004
-15959 19031
7336 -55495
52472 -22673
13040 -61198
19857 -33935
12171 32179
97 32757
56045 -11436
10113 -52445
-50931 3891
-24798 11243
-43668 32169
61113 -50787
-6707 -381
-24774 35971
19908 -36948
44100 -9593
20746 -3597
38191 59690
-54936 38040
-32586 10802
-61787 44392
12276 -51870
2028 -28027
-44067 24442
32293 -28912
38758 -56720
54217 -44793
-26449 -20166
-60260 -7513
7021 -55546
-1183 44624
51819 -63376
-7601 16960
4153 51567
-24787 -65486
33813 -9302
-16928 -13041
-53946 10790
-19918 -10331
54741 49670
-65178 35525
36716 32406
-38773 -38277
-12321 -41973
-16037 -57265
22542 295
62239 21088
-25722 63664
-58930 14582
26209 20570
39782 41224
-16407 38628
-59048 13411
-22797 45126
-14301 -12949
-38915 20621
63343 -64408
58650 -20876
61448 59623
48334 -13227
43506 13642
-17394 2292
-5990 -40135
-28014 -64421
-62519 -45499
2367 11286
-64353 -3175
20267 -6334
-53708 -34147
20793 -9921
16115 63344
29222 -57214
12626 -26822
-56002 40050
30170 -36459
-52404 -37397
-22837 -30227
-63190 33909
-60937 -22503
20195 49130
8838 -13642
-61321 -49674
16988 25714
63081 61179
3 48974
-52572 -40319
4413 58759
-271 -4665
28625 58878
-52856 49437
27868 -63698
-51588 -14425
58894 -56867
-3296 30526
-10525 -61817
32012 -12931
10442 65210
44491 -19799
-22597 -58350
-20766 43234
24967 61053
22748 39209
-23485 58565
19825 32990
-53331 36714
28574 43787
-7724 35831
40407 -2005
63090 514
9297 16184
58994 -11427
19919 16886
-52138 -24939
38257 -59606
-43763 -60825
-43424 50237
-40356 -63206
-60054 52882
1619 -46438
8650 -7700
-10466 28626
-58423 16590
15624 57841
-52274 -63491
30900 33097
51370 -36257
-20109 -23602
32550 40063
-64274 -14004
-10187 21813
15552 -34756
-55426 32016
26437 28094
32607 -19860
-3455 3944
-4179 33547
63058 60722
-54560 30231
-58369 10928
-28592 46613
-33772 38948
38452 -30537
-40258 18052
-14642 1835
-60169 15528
-45992 -54356
-4190 56366
-27467 -17750
20127 -64645
-37282 38890
-20337 32000
-15223 60974
-18886 25504
42221 -38156
23250 12009
-57795 -58598
-45884 -37481
49497 -33329
-5482 61452
40374 41344
39618 -38501
-41212 30562
-62065 40245
-53933 34557
-50212 27764
49774 -45589
-44537 18219
-39 -29795
-36935 10698
-50378 38691
-17011 -55959
-59542 22995
-12789 48605
24799 -30848
60776 -12611
-3203 4279
-6718 59823
-65189 48219
-65106 14315
-22387 -15092
-54913 -19056
59182 -63349
-24427 51384
36929 -30575
-59856 -17076
27922 -16787
31118 4180
19811 -13304
-28600 36361
-52235 20719
1974 -20981
55408 -40919
-46689 40610
53072 56399
-9047 55928
39569 48194
36014 -9340
7020 -6628
-29907 -29940
11610 -10007
59813 -49055
-62509 33168
28289 -24247
-41303 223
-64905 -48080
10201 40426
56631 -51450
277 9152
-16460 -2517
30504 -27030
8506 -17279
-50223 2728
-21717 -62689
-53738 -11222
-32553 54416
-51887 -62264
-39945 8682
-36401 15881
-55200 -64759
32588 22839
18630 32150
35251 -92
5285 -4202
-48314 -43023
59894 -33561
-22632 36327
-5116 -30225
55643 45279
-5460 6670
-45750 -173
-20271 -44917
34866 37277
2876 59200
-164 -3229
44690 21332
-55009 45195
54642 -25479
9101 -41804
45336 5930
-48690 13645
994 -60428
-16586 63743
-50628 -46440
-63425 33991
-59054 -49361
34139 -14539
-23213 -27743
-45879 -61972
-62816 -24581
45858 23940
10166 16699
42409 29712
2602 -52001
-11588 62986
44886 -56632
-17224 57501
46192 61315
-7196 65248
-32268 -21315
-29086 -13059
44866 -60073
-56192 52022
-39147 11390
55346 -10331
35954 -39505
-15406 -56941
54279 -11637
61537 -19478
802 -51818
61211 -13589
-42885 -45570
52480 9630
-52123 -11410
-59760 -22881
-54809 41226
-27999 -1474
28833 -57859
-51084 -53691
47553 44381
-26294 22517
29382 -25523
40093 52046
-19424 36664
48617 -11289
-35972 -23413
22966 -14601
34734 48740
4189 63896
-4065 -59102
-45813 36343
-64464 -44307
64206 -24892
-32514 55300
43978 -44488
-64713 54944
51723 28638
57474 -26691
-65438 -64878
-21976 -48386
-27518 -4617
-61450 -22399
62485 4267
-516 -7940
-13855 -47401
-2053 15488
-55933 -35168
-21251 11978
55150 22014
-62779 -36497
12146 27930
-10908 46570
-54579 51334
32649 32085
-34827 -3998
61442 47948
-61955 -56192
55695 45229
52375 -56676
23368 -38645
-39241 -37930
23439 -54656
4917 -49297
-56211 -50969
-63033 -60985
48186 50158
-33514 -32135
21394 -55965
-20390 53554
30533 -32156
-29314 44029
48820 -43321
39590 8415
8788 9371
-4129 -63068
-37844 -14298
59092 35450
-7269 -41447
24094 19978
-23551 45909
-11837 -16732
-38119 15925
55664 48401
18828 -7597
-24082 -57115
32726 -1594
-1815 33107
29313 -57365
48051 -60599
54139 64348
60828 -65303
40298 41838
-3295 -37189
-18162 62840
29025 -49588
-27447 -27984
22249 -1232
-39297 -8607
30470 -26726
-32571 -56121
-49803 62337
-31875 -59433
-17933 56248
4241 63081
-59817 -27960
40934 1694
-38853 14619
34884 -51998
-1061 -48381
-51490 63822
-25310 -39618
14860 -28550
-25528 -59356
36338 58516
60570 -58883
11252 15698
-14546 -64625
-47672 30732
43781 -34283
-28940 -51933
30013 -17778
-31402 -3702
-354 46711
-17497 -52052
-3635 -16786
11352 63776
-64021 20004
-64995 35452
-54453 1518
-10257 37505
30488 25726
11877 11208
35299 29294
-55477 31709
64010 42029
22985 -35195
-50083 -63062
-53128 1904
-44674 6489
-34122 33760
7735 42360
-51684 37522
18587 -64307
-4524 58969
36071 16795
34335 63485
-12328 -55748
45282 -36473
-22184 36860
49543 46176
50486 22902
-55809 46813
-13317 3807
10583 -61450
31638 -38539
-32187 4114
-57696 60300
30926 -4235
-38323 7924
4884 15140
-34457 36109
-48914 37644
62737 -31093
-44446 9156
-3284 -307
-20458 -5695
17360 12454
7042 -44985
-33694 29251
-24489 -57685
-32273 10089
-54347 25819
4193 -55921
-15590 -61478
7259 -62416
52279 46093
21681 183
-42810 -28153
1335 48133
-46007 -21565
16468 -11573
18480 -52040
17401 -61331
7920 -13832
32033 -47035
42236 37701
63667 41312
-42275 -36036
52475 12889
41807 -3381
-61442 41910
-5139 38346
-34572 25228
64523 59507
41736 39205
54887 -40723
-12011 -34119
62173 61867
-60237 7084
-42920 -47218
52725 54792
15826 -58176
44332 6821
13732 -23318
-26669 -21132
-39714 41695
64811 32201
-10530 -14744
31097 -27617
54428 -42275
44189 47687
-23920 16293
-37241 60653
55677 -21570
-17717 -14904
14416 59901
31427 21699
33273 59513
-65137 19635
-8022 -37259
36170 33685
59529 -46921
-32087 24213
20719 -45588
-60830 45689
-48903 -39377
-41914 27054
-39485 -13175
-26539 53308
64246 58226
60166 -24764
60886 -3870
21665 -34052
18823 -20039
-13466 -9785
-46443 -48588
19018 -2713
-42980 -26648
7700 -7221
-16869 -53989
20406 -19000
3349 14187
-30185 53850
15672 -54468
6799 -7407
-45178 60580
-53187 48675
-45930 58301
-28073 39222
-8203 9581
-30970 38600
41800 42058
-16827 -4884
32118 -35299
-39140 -19519
36964 58423
59432 47877
-61641 -30277
1106 21297
-54871 -619
17776 47954
50981 -17685
62508 4450
2712 -16686
-17963 -13882
12853 -11763
-20462 54860
46633 -59035
-2479 61685
16837 40643
-2259 7286
-32249 -17465
-13995 60459
28491 20343
-53777 56907
17744 -28047
58862 21184
39887 55411
-42296 246
-59201 -36516
2814 -2592
-57949 -35710
34526 -35406
-14221 -52497
63282 6731
21453 41034
26586 -24650
988 -13292
27483 31090
10716 -53429
-42388 30031
11664 -24666
16696 -47846
65074 -59766
40971 -62115
25876 31092
33857 22880
42544 61365
48814 49608
-2636 62155
58251 49112
-4580 64545
-42125 5093
-30260 -27303
29080 -15421
41930 26108
-64725 12795
-27067 37987
-12580 -18044
33657 -36036
-37908 -20181
-15154 34483
-34643 64323
-33350 -45406
7890 -29776
54839 -1040
4877 -38710
-35912 -62611
17889 59109
-50021 439
3489 -15903
18453 -54227
13352 2135
37641 -39048
52307 28993
-12646 -12266
-43862 51202
54657 -34703
-22029 3450
60732 44375
41115 -43711
-48059 24460
62078 37060
-16279 9442
-32783 -37016
49258 9299
-758 29255
32526 36936
-30429 51601
40993 61239
-56474 -64175
-52888 -52986
-20413 -13482
-15068 3263
-2332 20200
45428 -63727
-56479 -13025
36920 43478
-11429 -31066
10382 -10040
-18820 28254
17994 64800
