3969
60491 20172
-25192 -58515
26732 25250
6115 -63501
-48537 -45896
-33994 52869
18507 46361
62093 5473
-45280 -22176
-56493 -25297
-52707 31416
-26743 28169
23731 -23000
-27854 49512
-37181 -27375
-58800 48470
-10071 29394
-64078 -63852
-53269 38629
53389 31008
-2011 -15251
-64954 7171
-54158 -1714
4825 22251
4000 11698
-14065 21469
-59867 -2157
43445 -33474
53089 16740
53178 -3413
60638 24738
26730 41217
-25843 -59031
-10765 -5648
24913 45202
59997 65374
17741 32870
-28981 63680
-53497 24320
-13730 65105
-58282 12608
-48887 13928
-41382 -28170
42527 -52150
-8599 50832
64759 58361
24215 -41686
56458 -35025
-23885 1388
1074 -25917
-58565 10077
-24124 -15533
-9368 12243
-45213 33736
-13386 33464
-61318 -19737
-50774 -9125
-8275 16693
-57311 52118
61216 64263
21831 -47822
-7366 8469
24610 -62861
-22871 43792
48600 36036
-3315 19457
40599 -2181
-23909 4736
56701 18405
-7748 42442
-8366 36745
-53846 43562
47793 -54710
-38715 50684
-24872 -39098
24318 -25808
-42893 -41374
46880 12191
-8920 44142
43256 -20065
8283 -55343
44476 32559
-40972 14751
-30061 420
-42040 -61911
-25929 -64491
18760 24412
-53475 -60823
13250 -40230
23223 -58286
-17099 -46297
-61438 -60451
4186 14217
60062 51596
-31728 -19631
-22528 31292
-64505 -29561
35093 64213
-62325 -20186
62014 -34813
28897 34174
-44000 -6343
-63075 59805
-59975 37270
59067 39803
8134 -45307
59436 -3685
-64418 46804
-1258 -62111
-44347 -25872
-1895 -53321
53518 25743
-24875 -57921
32762 11045
35679 -16784
-52407 34693
-12964 1765
38146 14988
-26939 -28111
-8860 -20171
-58252 39878
-64825 -29047
59678 23118
-43320 14857
-61703 42943
63275 -11653
52787 -23918
-41170 3914
-45016 18484
64221 -34505
-33410 -6735
55275 -4875
-49523 55995
-26798 22639
13516 53262
53862 38135
-5041 -26890
10005 -40681
-12470 -17744
61346 62319
49335 -18762
41798 -52752
8689 -6046
24003 -52382
32358 -12468
-57555 -34663
53764 8164
40717 65236
-15237 16450
10445 -54669
63918 60413
9796 42950
-41638 36401
53663 -48360
27445 43006
-10950 7797
-14432 19282
20745 -3545
-31548 4441
-1715 -48627
59100 41800
32955 34048
24227 58624
-39353 32177
-30639 26542
4460 15658
22133 -59523
22146 -25
-30320 40475
55187 12191
-3425 -39618
-42190 8254
-15919 -15717
-10385 -14493
-19741 42810
1877 -59189
35691 -8746
-9014 24585
65485 -60351
-462 -38453
31457 -11991
59221 6320
-32882 27258
-31338 46273
-53249 12954
30439 41841
14846 -6668
43470 31650
-20790 -30776
22433 -1890
7966 -23091
64400 15188
-41847 -13044
-4932 28682
-1675 40806
-41780 -21518
12073 37324
25636 15200
-56764 61928
-45573 47934
17460 -61305
-45491 -12187
35450 -20991
36679 -48387
9320 -12737
-44566 -2959
31104 32255
7432 33490
-22187 42681
-59883 -3076
-47562 -49336
-37290 -37806
-64232 7238
-22466 33493
-10462 -7777
-45317 22280
-55802 63896
57823 -26313
-25968 60062
-54656 -37881
41374 39029
57414 -32009
-30494 4872
33935 51063
27343 56742
-47894 -45906
6345 -8436
29698 -51888
37291 -4182
-1768 35119
33815 -58603
47258 -62627
63112 -53794
-58342 5218
-1265 22638
21137 -30364
58887 -61785
-10182 57445
-32139 5171
9896 33687
-31250 -28935
-56167 -21190
-39047 38958
21375 -32106
-42365 33299
54938 62315
37775 6579
31644 5577
-48901 64129
25383 -3323
538 6521
-35456 -51891
-32906 19882
-64493 -47975
41627 -33342
-6792 57743
-12523 -39145
-38112 -51835
-56478 59941
-41779 -32277
-60001 33260
-34218 11893
-744 5710
-35293 -24076
-9783 -47677
29378 -43355
-48730 -56708
-23178 24243
41461 38015
-24094 -58408
64785 -2447
-20686 -31392
-33043 8673
-19395 46795
46780 41016
2763 -50591
21420 36999
45038 -10502
55677 -12620
-48398 -58945
41406 -61864
-23821 34505
15405 39282
-38557 -6483
23371 11332
-55234 -26176
41176 -16863
-42199 1808
3820 55478
31066 62837
49689 -36391
49025 55380
63043 -57029
-58583 -63787
-56761 -57905
-43756 -26264
-36229 36184
44268 25830
28066 37225
-43541 61598
33293 27321
61932 -65139
-26632 -51880
37902 -23325
-5015 -5489
-14500 1892
54953 30309
61180 -59537
14149 39924
-48352 32173
-47444 39336
-40590 -22661
4007 -39446
-13153 -57293
-20836 56213
50743 -19703
-17892 51977
44548 17819
48581 41484
4881 -19565
-56385 -2423
14518 -40963
-16405 20791
16135 43733
36963 -49085
19640 -30259
32760 -38469
-49695 -54233
-663 -25045
51209 -11901
20080 -14340
31177 51502
10247 -20557
47937 24000
32122 -54199
-61161 -42373
52774 -36813
24279 14764
-32827 -27589
-55411 -50443
45201 -19888
480 25307
21136 -14329
26677 -52658
2452 27206
-17428 -47922
60274 32956
54137 59589
-24479 -41235
-49103 41208
64236 57303
-20184 -18832
-38912 48196
-549 -10830
-43172 24839
-36312 7982
-34991 -63992
53104 -41269
56589 50207
-20487 34656
-65099 14173
26420 -46639
-61297 -10584
-30907 4655
9228 42074
56708 57792
44342 -57895
-33350 -31178
-937 26244
-4344 -41910
-64745 24020
-51128 -40718
-88 -22938
2318 32372
-17003 -32530
-15737 37492
23447 58686
-11435 10316
64950 41771
-57190 40495
-3011 -1317
35870 13855
32193 -28835
-3573 -8728
9673 1586
-14222 -49783
7949 -7832
-41680 42339
-58634 -42803
636 -50485
4718 9423
16288 55188
-53065 29913
44237 -6276
63492 60952
3722 -6873
59911 40357
1461 36305
6268 62296
39439 38760
40098 -58751
-7048 39408
-9174 37747
-55641 -59777
35211 14250
-59720 38468
-25411 51617
38092 6833
-29254 5701
55812 44920
6721 39893
5099 -45118
-19280 20597
-7468 -61138
-46155 -43880
-38039 5692
-11163 52709
63238 39412
64342 21050
42650 3519
-46517 -63784
56282 52569
-60608 -30449
-6665 -65134
-58908 18133
-46216 23286
-9052 -19442
47612 40190
25220 35365
-23885 54076
-60765 1114
14049 -3683
-18541 39445
53215 -8082
-34812 47822
-39499 14086
64941 -37147
4077 14014
-3367 42810
47049 -10093
53125 38764
21994 8056
-54603 -59187
56934 17721
61558 -51422
8516 37343
11040 -42938
-6201 20280
61514 24831
16550 -61238
-39867 -30396
-15248 47921
-13963 61439
-42070 -60190
-16307 54125
2227 28607
23528 -33573
5048 2503
24164 -8310
-44279 7026
41780 29030
28397 -2722
-21134 -40112
-3203 -63889
-55655 18535
-27423 53874
10116 303
46580 -45417
-9286 44142
-21901 -34613
3575 -6497
47360 24211
-41188 -948
12106 -27469
50051 3560
-3944 21978
-17673 -29747
-3892 -59768
40611 -55364
60899 4166
38274 -54379
-1419 15327
-22604 -13230
-39644 16023
63003 53833
27292 -30537
-36069 -28997
-21584 -44320
-46525 -48996
-39897 905
-42410 -53182
3321 -14057
-29045 -56642
9591 22658
38964 -1886
-29716 -3563
-40411 -44505
3608 -33410
58102 -65116
-33312 -56941
18490 46737
21090 20851
25499 55323
461 -63767
-48500 44662
49522 -35069
-27058 10121
273 -35407
-46347 -37620
-41146 -61950
1424 -52625
7315 -61788
-26369 2964
11042 24231
-27879 -37548
-34961 -33403
-41861 -301
-45701 -24005
17962 -7783
58229 57661
25863 14808
-9247 -58163
14536 -51618
31911 63670
58631 31253
-5829 -40989
-28843 -29900
-60100 47368
4225 23113
47569 298
12011 -16138
44116 1566
-49833 -44664
22325 -64216
-59799 52872
1903 -47217
1117 65031
-49076 14202
-11832 55362
-19585 -19367
41586 -59083
51811 -41340
64251 -61364
46106 -50505
13549 27337
6742 51493
25892 32844
45211 60936
42926 -35245
-33484 44524
19178 -53461
64061 -23276
-18653 32798
-38377 54756
-41987 21303
-51848 36389
520 42952
-49282 -54973
-1106 -64831
22860 -26120
-10242 1645
-19068 -9906
-23331 26218
-55182 -38540
-2901 -25239
3046 -38888
-51268 44143
-6687 -51825
-16426 -16507
-45516 10165
-26732 17962
-11216 -14086
12031 -6634
34989 -27120
-30275 -21909
-46550 45563
60606 9941
-63859 -41782
15684 27591
-1051 20388
-3431 -52724
-20532 11397
-17341 -39433
40798 41448
-6747 49815
-48289 -23353
14516 -45447
-13930 -2653
-43242 25454
46409 -16860
-60186 -38763
-19956 18624
37697 1888
63748 7392
62962 38309
11658 50432
-30429 1705
18100 -6794
-28922 55672
-16828 -43791
64596 -49397
-8926 62496
-46655 -45602
-10216 2758
-63612 58327
-17452 51963
-16437 27828
4546 -53799
64322 -4376
-3809 -21447
-7926 -37983
56922 -48451
-25212 -45431
-63301 65338
-43233 60181
60749 -8492
35562 -16667
49395 57980
-26089 3007
48525 -36733
-38250 52119
61391 39845
51932 -30875
31268 4150
-49195 -2094
55212 -32361
56438 -19133
-20990 -5013
-25877 -19350
-47308 24593
14810 45170
-65419 -7712
11534 -51273
-53776 54723
36749 -44680
-31719 62357
-54145 -65112
63211 -20414
63071 -1704
55697 35833
-4266 -18941
-47438 43215
28509 6768
-51650 -24953
31171 63340
5387 11548
19201 -10082
-64469 14953
-8943 -33985
-63764 -15095
-23498 -58983
-61480 -65030
-4747 -39845
1174 14812
-42560 -2116
7562 10302
-24375 -27762
-63676 47669
46527 29579
50962 29049
-19423 -9507
65245 -25264
48896 -949
50591 38806
42267 -9307
-62443 -26946
56187 37055
-1296 53898
62179 60030
-6256 -15722
-31855 -48678
31066 -30833
-42315 16057
-37230 4383
44153 42699
53401 -2566
56522 -35695
-44873 -1478
23284 12655
49798 55896
42070 59304
-15985 60318
-8397 -44439
-6248 24971
-3904 -25041
-3871 29733
35343 -20129
18792 -5611
61781 108
4686 21716
-57221 -5990
29894 -17239
25191 41334
16330 42218
-41519 45272
-1913 -57677
-31078 40543
-45253 -2198
-18380 -1336
-53959 53788
42861 -45014
55462 35600
-13146 -38007
-52436 29630
-61808 56304
-25317 33792
-2519 62022
-6732 58911
34967 25622
-39785 -38503
47703 28562
50508 22720
-19809 46375
4009 13047
-10040 59363
38793 -11035
-53439 34235
-26692 -30768
-64781 64266
51729 -8362
18656 60276
60370 40369
63244 26010
-64481 -6634
139 23941
-30991 -11671
45524 48107
-5040 61237
-20270 -23399
-38412 -23845
56953 38714
-12496 -38369
-37061 61402
19747 -38962
34076 58920
47927 33908
8660 44144
48342 47738
3938 -24389
-18343 59264
61516 49195
-17477 -46244
-10787 -47892
62018 -1102
34850 -56519
35852 56984
23958 -3321
-48254 23688
-26205 54853
-32779 -3225
-31288 44897
-1075 27119
15729 39867
-32651 -52828
-2002 -35
-42641 14563
55856 -9302
42791 30947
3991 -30121
-23610 64715
-32642 -26765
51782 26410
-32949 -24697
-26899 -20431
-29499 -16453
3420 -31353
-13232 -18264
-55769 42979
-42663 -28775
37728 60319
-18511 -33393
-64784 -58094
54627 31453
-19830 -11030
7368 52194
60350 -26047
-38602 64720
57108 -20504
6432 -41230
-47350 52248
21627 4276
-40191 -31155
-43062 47332
54786 59288
16018 877
24227 -6117
29895 46142
-42936 -38860
-37878 -22846
49306 -42944
43602 -55345
-45945 -4032
40379 27616
25993 5980
38303 -56087
22316 -6611
-64676 -37035
50188 -57136
57254 28995
-25119 23132
36438 37301
33132 -40373
-50220 57389
-63960 -37092
27058 -50450
-5180 -50145
-60494 47366
26340 -32750
43036 54992
-41045 -31026
21871 8555
34648 -18242
-20097 -5879
-50593 -1779
6394 -2726
-17599 -60551
-38353 -23250
-39064 59335
54446 18545
39472 11798
24866 27466
-58016 -2048
6392 52595
-49074 59146
21995 -61396
48915 -9435
-41457 -58674
-22314 33013
57643 -18858
-7656 -35176
58051 6763
55885 -3972
-25479 7003
-44441 -49018
1821 20632
-46248 50876
34622 -17238
55195 -189
-2986 19710
-53239 -23840
-1661 65529
-32124 -51916
-12422 42411
28997 -33432
9962 -41636
9381 -22441
-29529 64605
-51946 14517
20729 -64406
30191 -40505
2276 -44259
6146 23814
-36572 -3234
-44932 -18147
-23912 -55485
-62421 -58019
-9423 49039
60967 -32967
54518 60899
17402 54004
-60079 -65095
-9625 29095
12000 21328
23240 53947
1000 25893
-54380 17721
61450 46353
-15704 -11464
-59789 -24800
5085 -9775
-17333 58742
-65295 13088
13552 11900
12143 19596
14733 -33897
-50842 10378
-44036 -30148
-3148 -4360
-54225 27523
50664 46511
33928 7849
-23047 -10933
-58269 22292
33233 23484
-24213 -63512
-9601 3183
-50705 25717
48084 16810
20135 48591
2157 45021
-58136 27642
20012 -37968
37207 -40599
-25489 -24607
18079 25341
-31100 -58514
251 -21796
17385 -44864
-22167 -49012
-26710 36632
40830 -60603
-29462 60601
13164 -13243
33775 10563
39164 10119
-31741 -54244
24635 -13171
49387 9502
-5483 18554
-13950 64845
-25679 57735
-34912 22953
-25133 -18718
19282 -12334
-25092 -35632
-6114 -22425
-43184 -33002
-17699 57026
59108 -49301
45908 -9128
-47633 -51996
40692 44194
23672 54018
10984 -27167
-25978 13069
-29082 -49842
-34490 -22162
-45924 -59262
59883 42441
-21664 -39940
-20418 -9236
-49167 4024
31946 6882
10221 3452
-23453 30052
29882 20882
-40693 -21611
56370 33745
-45171 50448
25878 -57698
-18175 -48726
-10252 38121
-45124 45539
-9238 16221
-27710 55797
23510 -15360
-56595 -59976
-16672 14205
27961 -50644
51247 -43946
22708 11578
23939 11824
25211 18821
58996 -505
4655 10541
43605 59797
22535 -5066
-33790 -31220
-9902 16931
38374 13562
-12632 47789
-41938 -6823
10498 -36927
56764 26273
-38365 32593
49473 -13527
-60350 13729
-29640 10360
18221 -38807
45865 -52676
25623 -26085
59656 5983
1485 51596
37544 31549
11725 23583
58584 60034
26918 -27459
-9858 26579
3733 -9256
-18256 2786
-56052 -24466
45130 16915
21799 -20408
-43319 -34081
37196 -2406
-21581 2131
30082 37936
-61369 -34269
-46226 -39403
46052 42821
64612 -12109
11933 -28824
10192 32263
6643 5931
-532 15502
-34633 19645
-23331 49294
4702 -19690
46911 -60636
-60213 1080
22475 -19936
35297 -59091
-20081 -41359
50930 -21696
-31099 42066
-39285 -52754
-54949 -60340
-37506 -65226
-62390 59691
-36671 -4104
53937 -35974
-18644 -29514
-7461 -52328
-18729 8186
-63153 32416
-11001 55843
-13661 39869
58 535
33341 12582
-23307 27610
18138 14134
38140 10589
-23472 43954
-38231 -56825
-27892 44966
36942 64242
-50888 -6035
-32932 3440
48078 -6667
32879 28429
-25798 40607
63134 35551
-61166 57160
46357 43470
-56510 63478
65306 62896
42687 -55596
-41390 -48153
-48029 13903
-23323 -47512
53129 28250
1461 -8023
-45862 51986
42080 -63257
-43380 40606
-5376 52279
44669 -64855
8540 -7518
-51977 61908
21832 -26442
2354 60087
-55619 11851
63681 51443
61419 45820
-63812 -35823
47635 -36990
8303 38479
-13250 -20989
-23694 55325
-21449 -60814
-49967 64835
61117 26585
-12511 -28416
49286 -62117
-33417 47747
5175 -36468
17604 36012
14186 -35922
22309 -21953
16007 58009
37455 37688
-44240 46009
12172 -39651
49713 -15001
-48919 -46754
46820 41164
-45869 36807
-28236 24101
-49811 36252
-27807 53063
11585 -46374
-50611 26331
-55452 -43882
-41167 9016
65157 -34734
-2090 -24290
33934 55478
-40121 33191
24365 -41016
-61490 -1177
52573 37232
2420 21809
64704 -7062
62015 33608
14074 43553
9951 15011
-33477 -48918
-8966 -56915
-23829 36681
24334 -20998
-29616 -60761
-18608 -33182
-1638 24496
45342 22669
15001 -18863
34874 59391
1708 21878
-65446 -64857
-6596 52922
24402 -34126
-25320 29438
3962 23573
48203 60683
30666 -60648
-37337 -43144
-44141 -48944
49422 56174
-47768 -32986
-30891 -33015
-34235 -40637
6116 -57909
-11072 -63346
40913 -8739
27447 -25089
31053 -20706
-23891 -13270
61622 34601
23388 38438
-13124 -15148
-39602 -4672
-19381 36596
35825 -28843
20283 -45706
54442 -55385
-1512 -7497
15963 -20839
24103 32436
-16900 -27635
10928 -39759
53252 -16267
-12868 -3140
46977 41628
-62598 -13313
-47329 50994
38194 6572
31476 -5219
25418 41003
57390 36214
26878 -50465
-58314 -62662
-2201 -52338
44221 23580
38156 57468
-20559 11195
65073 -63892
29768 20756
52973 -50713
60479 -41176
-56618 -47891
174 11790
-39366 -10079
10748 -28594
-36194 29312
12891 -25057
-23751 33517
-48659 3626
38813 50
-58623 40469
-54412 -41370
60267 59780
-24090 -42789
29461 -42491
13127 11018
-6183 39643
15423 -58388
-12234 27833
2600 -53073
53753 63760
-35134 62675
9187 21871
63980 -6638
31300 -36179
-31882 -54078
-45607 -44197
-41476 -37388
-39980 44614
-43749 -6059
-49193 -3715
46658 17456
-46738 1779
-61695 -51319
42936 51056
-8501 -46809
-11323 64151
64993 43868
29299 26164
5986 -22760
34198 -16034
39582 -26614
-34521 25503
25797 25688
-60087 17460
32256 50415
-32746 -54632
7094 36116
-12536 -58704
36086 43175
8233 35163
-40079 -47037
-26896 -41703
21975 59705
-7453 -13622
-61366 -35034
21297 -20178
-10487 35045
9277 26589
10093 -22628
28353 -51568
-55344 28885
-40878 2319
-26434 -41743
54242 1921
12692 20448
-15250 10264
-53101 28918
46306 -30358
-30929 -46529
-1665 -23601
-51898 -29426
53741 24671
-48796 62503
-59788 33173
-6179 13678
25705 5235
44600 19226
-12507 -19871
30034 -45800
-7850 3568
2687 -6242
-17509 9176
-10530 20900
-64461 35147
-33061 14669
-27816 -31104
52848 -52350
31578 30687
26317 62328
-17880 -60429
18045 -10108
8485 14733
3409 -30603
-58059 -13900
14187 57263
-22582 -16068
-63309 -27958
48593 2733
-2642 -15863
-44253 44956
-3974 -30730
24462 -21485
-39842 38699
23326 -7300
-21655 49328
-62838 12297
-37896 35775
-2153 8079
-6325 -31243
-23812 -11894
-61106 -41313
13125 2965
-2432 -62072
51082 -19868
13834 -22767
-39406 42391
-19964 -5284
63243 -32782
-57494 2159
4852 -25656
48035 53223
27091 27767
53882 45199
5435 -58262
60443 -34201
-14599 8022
25158 -59671
29916 60317
35232 -17946
-33750 -8249
-23592 -58192
-615 -53866
40669 37255
-54147 25565
6313 56703
35560 -32912
43861 -26203
3771 -39887
-8392 -46881
2961 58328
-40650 -7962
-12187 -31949
16765 -8201
-60417 -20114
-63912 64509
-47277 21911
9480 -5575
-563 8290
-22282 -57312
-19594 36676
9353 -38549
-13694 -17347
-33610 -56062
-42164 -39217
-46215 13085
52686 63649
20928 2154
-7698 -47796
64160 58968
44240 -59274
24196 -54456
-32816 -24111
4739 -29332
59574 26824
-19392 -5899
28825 -21657
-9896 -38155
-21710 -57327
-14484 -6404
-55012 620
45101 47581
-22556 42905
10923 -1118
-49042 -23908
24336 58016
-27360 57858
47167 -24724
24175 30294
22622 -12616
-25861 -63417
-1767 62891
60281 59098
-3429 -52187
62481 16031
46712 -33171
-21478 -33190
20429 -6922
-23185 -11704
-4273 -57123
-10753 20479
31118 -34613
58092 -8412
62580 15065
39738 22461
37262 41584
2752 50827
24534 -7543
38997 -58870
26169 -20169
-19243 -55978
63940 57721
-51070 -7560
6656 -61700
208 3755
-15082 -53435
41439 -15713
12350 57610
63907 40163
-7035 40285
32289 -14997
9554 21700
677 -42218
-12030 -11114
52020 7304
58020 28887
5307 28607
-54966 20621
34753 -50700
9383 48243
14411 4699
-17356 50133
-45122 44519
41324 17043
-57161 14301
57313 44503
46749 -62667
23017 -49332
4681 19662
-2184 24056
9476 -4533
64808 -4146
-15118 16878
28877 -22262
35611 -54118
-46115 -3607
-62958 -1155
-34156 23244
19581 -44904
58624 17379
2904 64298
47572 -31338
48554 -62901
2709 -61670
16535 -23739
-53221 36543
-29366 -2248
19198 18739
-53751 -62815
1549 -6294
-40220 56575
42785 -46052
-54429 41698
16693 -17001
16532 64647
-64652 39069
-18019 -29621
-16632 40951
-631 -39249
49702 35972
36600 -20337
56217 -65401
-35105 38534
37114 32189
-60527 56384
-9180 -25855
-58090 42928
49710 -65529
-23894 5422
17496 -50212
38576 -44751
-17563 -56468
19193 -7449
-34674 65079
58265 -29351
41265 34264
-13560 16453
30351 -1401
-34586 61753
-37983 15524
31597 -56818
8254 59859
58238 22666
11325 29369
19539 -44534
65472 -33240
48379 5697
-4927 32945
-3839 9661
14928 -46622
-23204 -9242
-1256 21523
-24228 31801
-54304 -44529
50227 -25109
4566 42952
-32358 64835
29177 63531
62685 27165
-24508 -61994
-11196 -29891
-51871 45172
-3822 43398
-10285 17935
5117 -38749
36038 41797
26856 -36114
46209 56713
-10743 -4057
-2411 -1559
28639 -52509
29728 -116
45742 57055
1272 1946
-19013 -31131
7458 -4895
22265 26385
31017 -47305
-25854 46210
11307 6244
-43902 35620
15657 13787
38598 -56420
16368 -23066
-38946 -60835
17058 -14783
-53611 46045
26285 -30721
59044 65214
-34166 -60292
3119 -54876
50767 -54694
22236 22785
63738 -46724
-38635 37976
1968 7344
8381 32440
62971 45934
-57964 -7808
3717 37340
37051 16458
49180 57636
-3101 -16637
-51960 54609
64265 -49745
162 -7561
15843 -3186
-35038 -37312
23249 -61506
-3466 -23627
-6553 12898
54983 -12607
-9667 -10562
36272 8099
2875 54773
-19450 51542
-19198 -50743
44073 10663
9564 35930
-2177 -14881
4248 -38984
-6391 -55496
-36479 53075
23490 20949
14481 17988
7490 -49097
-18180 -22837
53470 -38655
26655 3355
-46767 25978
41082 10420
9504 45605
-23484 43507
-5026 60440
-3929 -39127
-11721 -9744
33769 50002
-1429 -52301
-26333 -36237
-45408 -52938
1530 61224
62013 11377
-24218 64197
-13604 58684
-53271 -48529
19460 -11417
-25408 54248
-34828 -8216
-8907 -46335
-65530 -26444
45083 -30919
42590 -39989
5365 57557
16964 49645
-58197 59275
20497 41955
-13593 49184
-1422 46772
46473 22899
14802 16387
-16695 -56707
27830 -64545
33 -29200
-19471 -5851
43014 -12088
35561 39403
-29755 26902
28955 58015
33813 52461
-20370 31739
-31529 14750
-30337 -18529
-38826 1355
-34026 65003
-3275 -54703
-51103 -56813
6180 -55950
40885 -41480
55051 -9424
-10838 59807
-32686 49141
-22821 -47772
19424 55058
24738 -56529
-57337 18759
-7097 20596
-22607 61330
-15602 15152
-25669 -11714
7108 27404
-7853 -41094
-51406 54111
33979 14471
12553 27078
-45955 -3380
-927 -16435
-54838 14640
-32279 65034
-18153 -537
61061 -60086
-21337 65499
19973 5113
-7001 14586
4316 23396
-19469 -59895
20459 15257
-28604 268
27681 24122
13189 58549
-25778 28285
3958 -36575
12397 -25541
-7309 13147
-14874 -41429
28457 -15777
50853 19250
-30552 -21691
16968 -6736
23301 -20164
22395 1647
-24811 -4734
-44514 -16391
-14047 45885
-29755 -64578
14192 -16278
45566 -540
3913 63387
32629 51709
-48217 -59945
10315 -2174
58169 11540
61920 -13148
-57162 -44031
-11422 -25692
39025 -1555
11358 -13648
60623 40800
-17718 -44126
48782 -27991
-48541 48315
-17746 -60952
-2141 44506
21536 47749
-36265 31122
484 -46398
-52815 -11862
-17475 25484
59017 45932
43447 28229
10018 48532
-7602 -4869
-39149 33752
-54420 -32311
-2576 -31217
-39974 -42054
-25576 20847
2199 47116
16275 -21591
4378 15088
11410 -21340
-11141 37904
7914 -7585
5420 -4777
53567 11669
-5114 -5641
-18341 -53308
-29290 -49292
7263 8259
-49697 -65203
14427 30092
-57507 -20031
-36910 15087
22033 -26941
11017 54723
59600 56191
-61154 54297
-65055 30287
59357 43012
44069 -59833
58454 -34156
-22566 33557
22107 -38796
48682 -13560
-56307 -23585
-60932 -20438
20470 51442
-43108 58170
-23520 1339
40940 -54252
48331 -35861
22907 46421
-60321 -20108
39971 -2805
9422 45623
-54971 -50552
-11626 -42923
-64090 43320
-63251 22603
-23700 -19490
65253 24295
-32824 45662
-7837 55498
-22468 -21570
-53153 45620
-64834 2480
-448 56364
-9634 -22344
9930 -19073
-51770 -62143
27053 -26985
37575 3428
-48163 -50466
25451 36658
60073 -50387
3378 56681
-38013 31423
-47957 38089
22789 -4946
-12843 34087
31719 -58647
373 -31122
-32816 -11961
37469 -60684
61931 -33258
-3177 -38677
-45303 56240
22007 9221
28110 -2538
-51996 14368
-26151 44704
29919 -63976
43371 50917
65024 -12149
-33244 -1359
4705 -50169
15476 61946
-20617 -38008
-9283 3484
46810 50201
54396 -17217
17076 -44799
37718 -29279
-34082 -60527
60383 7268
-9435 -9180
-49754 18399
-50101 34937
-27769 -37714
-9896 -1792
-14458 -25692
-9316 60329
27672 44553
14517 58930
6642 58156
10299 -57635
-915 -45686
14996 -15391
45623 -574
-5494 37299
6007 -9433
60830 59219
-136 12019
62193 35022
-49695 -20033
-24399 16132
-30237 55026
-47356 -36641
-61703 -64797
-48899 -62505
-51585 -10887
-16020 -59978
23429 -36985
35368 42783
4133 -16758
37959 -11053
-10825 -20604
32965 10945
46745 5297
-35573 -3332
30551 36858
-15206 -58909
3024 22282
47437 27660
49447 12462
53386 -22454
-65361 49926
41108 51495
35120 1741
-65472 13036
49713 -46503
-22189 -20437
8933 -30392
37560 -27986
-35649 -39079
-50510 41016
40793 -52021
-15906 38272
2022 -64982
-55940 -36659
-57101 -31549
48828 -21588
42737 -37391
51219 30702
-43780 -21953
48466 25826
-9921 -65268
21380 -50839
-19889 18129
-18907 16345
47004 -58579
62556 49134
59872 -15755
-6715 -55483
-36618 -32187
-54693 -12005
41070 -52113
64759 27941
56966 55348
-58147 4052
8121 -13874
39778 46217
-27068 56174
54971 -22955
63630 -28764
-21782 -35767
-40356 30440
-42055 -7325
-61268 33811
-14872 -30681
-35967 32070
1372 -21798
37149 15404
-8871 53785
26889 -17792
-56 54275
-2707 23835
39647 23415
-33969 -62956
-46337 -14423
43624 21567
-39515 -39464
14658 8184
-10357 35833
58321 52805
44566 -54211
-46287 2211
38433 51289
-45340 24272
-4072 868
-47765 -26313
38462 -49055
13462 -55832
-54895 13181
-1482 61654
12024 -7216
17970 -23778
-15133 54410
-37742 -41193
-30620 17575
-61940 50527
-8731 -11426
62312 16402
60761 -20539
-10152 24802
-7823 61725
7038 18646
28751 -10461
-22170 37804
-64986 62266
45623 23095
4958 11682
-33836 -42886
-14650 46435
14255 -54174
-24311 -49576
21690 60248
-56082 -38128
-29547 52226
-63028 -21168
34223 14215
-36952 -24254
-60355 -19097
58236 -4037
2986 -5058
-44957 -18841
54734 40542
17445 -24026
-65113 16052
21518 -23946
15304 16925
27112 2073
-41623 19438
32477 -15288
-58069 -14246
-46109 -56197
-55824 -50479
31197 -14492
27398 54027
-29277 32637
-46694 57605
-35586 -12876
6983 56323
-42785 25002
-8882 -48070
27117 -12240
45445 7327
40755 -16638
63099 -32968
35625 36007
19276 50463
5667 10232
-7972 64026
12146 25284
-56612 -44709
27262 40499
-11628 59960
28321 34414
56914 -64344
24114 -8999
-45975 13029
-4309 64193
9994 -9805
45833 -52410
-30974 -49521
-38431 -59983
13394 -64386
10462 4213
-54167 -8596
64712 -33870
30546 11872
48368 17238
10240 -17904
-12700 -28567
-57496 43142
29698 45180
151 63462
-41175 7826
5522 26263
-57773 54351
-46979 61195
-27008 -33973
-38227 65387
-19714 -54769
-59847 -20208
57411 -9394
-48167 6921
64625 10231
15490 -64997
-26882 -57674
56104 59537
47594 -24160
57710 -6585
50919 53085
12901 61185
-33810 33856
41139 -20803
-57675 12959
-47995 -36710
18974 10954
28288 -47078
-859 10115
59121 5059
58099 46630
-34781 -48800
1544 61450
-31460 43684
57959 26949
-54354 17229
9554 9712
49699 -24548
58602 52429
13834 35353
-40950 8376
-349 -32476
-24039 -21602
9985 20996
-34803 -33111
-17274 -13785
-46413 32305
35468 12267
-53902 4943
22790 45941
39799 23927
32524 45631
47365 1087
-30852 -18357
55747 10132
38200 29942
-29948 18825
-48922 -13055
28507 -42549
-52695 -26631
-43334 -23033
-56377 -54211
33359 29363
40669 -57662
8190 -46785
-13247 61997
-42793 -25940
11223 -32687
-3968 -24
-43951 -37239
16309 52784
-58920 2459
-64273 13454
-21158 -20792
20985 12788
-15982 -10620
-35116 -26461
-25655 -39827
-32741 61076
39069 17846
-57458 44584
-60582 -52170
41057 45068
-16087 38748
20037 -24644
-44353 -59159
-31339 -16837
-34083 -21580
-40264 -18330
-17692 -11269
-26818 -54730
27238 16386
-54020 -14292
-27684 -50702
-37780 13734
50788 -38534
-10424 -61279
38768 -65176
56911 -61927
28456 -17150
-64273 -13344
40393 -13940
-13293 -48841
-18934 -51128
-16954 -43206
-9772 36925
-17162 36440
-35264 -15394
-49818 5391
-26476 28623
30270 -29082
26070 29085
-10414 -21083
8204 -11094
43074 17474
-51566 -4150
9473 -15192
40648 58369
64676 36072
59646 36388
-8135 -47974
57096 7058
20667 -52511
29445 -55806
-57853 62890
-29286 54018
-42392 -55476
8110 -45851
52849 39091
14158 -17768
-16666 -45534
-56670 49254
28643 -42121
-56137 20302
10160 -28943
58094 -33574
-50555 54184
39726 -3468
14177 -17246
-14074 -55956
-63091 -20727
41299 33301
36834 46758
-3216 30410
28972 -26707
27018 -6005
-20683 -29668
6862 -45269
-52880 2817
-31459 38393
62412 -38404
62378 -46329
-26763 12255
-34306 32973
42168 -63037
-34450 4455
-20952 60163
-12856 -40464
42612 -5700
-55889 -50702
46671 -31785
-27863 57303
51066 46941
14914 4246
-8388 13769
-58245 -59878
56542 55216
4233 -49354
-42453 29849
-33762 -64397
-10431 16509
13670 5408
21353 49534
-55302 -17106
-27915 21518
12717 -7892
-64138 17012
38460 34916
-5736 -5765
-545 -21721
33640 40099
23886 -27035
62633 -45187
-64644 58486
48159 -59562
1060 64559
-38394 28970
21942 -24643
61411 24091
-1457 -420
-41579 37518
-44441 -51219
51169 48937
19759 5832
54849 22140
14628 50602
31691 43822
-54810 32132
-45005 -37992
23073 -57677
-62472 -42010
11333 26587
-23718 -55322
-64860 17523
6467 -21620
-62728 -21590
14622 -25057
60018 -60254
19196 -47303
-29658 -54484
28340 -50687
-37670 -54355
12049 -47436
-28476 -43471
10038 14165
30477 40977
-34117 32933
-5226 61774
56103 -41243
-34488 47919
26520 -61371
60893 -41019
-30498 25807
-13151 17900
-709 42360
-49854 -181
-56636 -65411
-43923 65418
6470 46232
-12597 21204
-26442 -53886
-31061 -64511
-45668 2031
-57426 45933
-62240 -57331
20340 -47750
7727 37566
14595 19370
-21689 -14704
6656 -21664
5852 33717
-63970 7222
-46236 42955
21728 56643
49725 3240
40539 -36322
-30098 13014
18249 -13216
-12441 19669
-58349 37952
165 -55459
15567 1559
61918 -60459
-34987 -30065
-35269 -34778
31866 -55298
10028 -45973
-55598 9233
44848 22337
44283 -39147
702 34566
-7659 -32069
30428 -439
26976 29885
64139 20080
-22076 -57434
-49777 -10454
15132 -50473
51232 43074
2904 42393
-1987 16794
3412 -3189
-15994 -45465
-26998 45242
-20668 14462
28070 30278
-44436 -52009
-34205 -44368
-11295 54412
-55843 -58397
30810 14711
-56494 -14141
-25592 -22325
-45748 6706
43508 16137
30726 27780
51187 -36473
53927 43184
-54120 16246
17781 -36368
65455 -11550
48638 -17385
-28587 -44411
-25147 20290
-9338 45127
-58633 -1369
-24719 6493
-40980 14790
-54546 -47722
33796 -5449
40709 49585
58955 21261
64910 28948
309 -26909
-21869 -26408
-50520 -55600
-49153 53164
47149 26687
54199 38047
46334 -8033
61682 -20157
41907 -55291
-28069 -36629
16217 11669
895 -7208
58809 64506
-46062 -17219
-59741 46178
59171 29342
-6712 -683
-58497 -31384
63342 12557
15868 16626
-36526 -16627
33794 24537
-20564 -22646
4695 22472
-7488 22860
-27784 -35826
63181 21888
6322 19238
12867 -64849
-26272 -38785
-59648 1278
60148 31912
62435 35271
43333 -21679
62460 50236
42635 51623
-61200 62965
47673 26313
37283 -39576
-11307 8229
-32175 -34561
-21962 32108
-6549 65000
47968 41652
21934 -39071
-48239 -56812
-2057 -3494
-48273 26745
-22598 -58579
17916 -6107
-45140 40555
25965 61429
14427 32073
-13836 -37957
48220 17239
-54478 -1083
-17592 -58961
62951 -59593
19803 -61177
-35569 -49038
59066 -10336
-41606 -59587
-48452 27519
-14768 30571
-26332 19027
21381 -28298
-36900 -50006
55894 22207
-40085 33312
-42287 26467
-31231 -12136
20098 -42159
32101 -45273
-2065 34636
49737 16970
57793 31995
-17381 -18722
-6766 40924
63880 -62065
2345 -4298
-57541 -58598
11844 18434
56434 -14727
-732 -56332
49767 15212
-2295 16429
-56084 -45551
-32317 38111
39593 -61838
-2392 -50057
10109 -56510
58410 -276
-59381 36326
41469 18375
15395 -58910
-16771 -52989
-52900 -45109
-47483 55379
-43083 56405
-23524 -64455
56250 -29664
-32312 -61044
61113 -539
-61856 44563
-16367 -28164
-30164 46277
-63630 -31062
58052 47358
47701 41376
25985 58632
-30971 12733
-24429 -20460
43574 15194
-18454 5985
20038 -6690
-41994 -17630
-56586 -4236
-26722 -8801
-40562 -17944
-14360 -46058
-64617 35099
24802 52625
-27859 -29931
63317 -49096
10608 19984
-61328 -53621
29501 51388
11966 7309
-42711 61309
-20183 -5762
-36789 -20630
6608 17505
-11083 20546
-24802 -54301
10701 54323
-40270 -41385
57629 -9098
-47753 -27101
-36529 15044
-44605 -35232
37971 -6663
-21956 63324
7918 39675
-29801 55221
57949 7650
-44252 -63042
-14809 61460
39192 -37554
14551 9414
-47148 -65501
31544 39529
-41609 32612
-5048 -33398
4972 -3375
-23534 10507
6290 -49784
2971 26976
36013 -8679
27563 -7085
-19463 11180
1100 46258
17215 65083
-5149 24540
-29222 -42113
42905 -44605
-38741 -39312
58979 17718
47460 -55488
-11375 37153
21490 31485
42233 26409
-672 34132
-15980 9935
60683 33395
43462 -12025
-3016 61568
33187 -58072
65487 -57389
-37399 -29920
-4440 -61032
15255 -42755
20334 -49106
28714 32832
-33627 59668
-28175 49081
51235 -22069
60977 18226
-7311 -60944
14133 13852
-33309 -63950
-37997 -35718
52668 -35134
10820 18694
63236 -55103
61363 -4335
10753 60798
-5187 -56254
-11493 -8728
-22537 -53036
49925 4595
-22721 -54985
-53356 -37733
64628 42796
32926 -32872
-59145 35079
5835 23609
37816 -41502
67 -38495
-24166 -48786
60730 40386
-20764 52231
-18373 26370
-14969 64140
-21637 38878
18004 57004
35274 26439
53856 37905
10216 13436
22465 64108
-45448 60798
53091 -45517
-28926 25391
-42769 54344
-60518 64907
11930 58264
24164 22192
-19278 46713
10708 -41555
-8055 -55858
-20269 35934
-24538 42602
57611 45317
-36024 -9907
-34924 -54356
-37161 50250
-63892 -10827
63428 35918
-8446 33986
58427 30416
-8731 -9021
9555 18083
-62955 -4384
-60148 43096
-7862 -19812
-57535 41605
-13143 -63426
-13174 -62388
-34039 -65345
44527 -58519
-42358 -27058
45572 -56195
-30784 -40458
48323 -35177
-2606 63950
-1479 -92
2944 47918
-34601 -47987
16963 -46417
-29753 -35531
-41264 65052
44515 2413
56791 -9620
-42680 -15886
-39709 24836
-29410 19884
-19632 42339
-17068 -16013
-37606 39336
-14540 60357
41515 54697
44157 -54961
-2511 11719
-49498 43386
34124 -44328
-29770 63623
5289 -33072
-7119 -1526
59900 -52193
-62527 28420
-32495 15049
43532 10481
58424 -35998
21046 30309
47254 55986
-16703 50315
7538 -56195
5464 58452
-40426 -56492
46467 -25952
-48344 -26024
62031 -8958
-18615 -17056
-48959 2499
6193 -43277
-50261 22725
31550 59785
-49170 23027
-64207 7831
3413 -6196
-38063 -15843
-46304 -65320
21691 -48297
23716 -56575
30641 -24656
-6801 27430
52296 -13611
20891 9671
22157 -23810
9300 11646
28182 14966
22674 -9955
-27360 18648
51078 -55721
-46554 33144
61240 -14430
35056 47105
12634 41479
35149 -34535
19488 -55045
38072 53009
-48801 29460
-35059 53531
27042 33863
-41940 -48346
17410 -38062
-37867 8173
30199 -7917
3213 -33208
-64995 13522
46415 57268
-47185 -31761
12757 -40612
-43034 16102
48442 19151
-23368 -59408
-3361 65318
43697 -17479
-12242 -44076
45899 -26548
-59815 -32870
37554 -17895
50806 19714
40357 -9270
-9370 -47901
-24136 -26151
22617 55083
7542 -12140
46338 -64838
-50693 65244
12954 882
-17336 -43499
49584 -64941
26502 -34485
21268 -60917
-32200 51390
17418 -9461
-50823 12748
-53272 -57574
-7014 -51150
-21760 -47350
-39572 44201
-41676 -39139
-24563 -30144
-57647 38978
7308 -57428
52946 -59106
-62469 -31698
-19417 35098
43957 -63406
49143 -44191
-3102 -22284
7202 -23482
42908 45979
-11908 -28583
-2682 -29307
-51436 -59239
3672 -51567
-36870 23935
21462 16743
-57094 25677
52991 3535
-22263 -27032
31813 48276
59506 56078
23644 34136
27112 -53283
33985 26474
-17713 35845
-11926 3275
46578 31961
-62395 56279
12042 23676
-14995 -4294
65524 52045
-45612 -6402
16837 -33624
-892 -38442
34082 -20662
-62885 1354
-44471 -20678
-34318 -21427
17639 -9027
29511 -44882
-62922 48785
-46478 -36090
-25661 19010
-46411 11468
64595 21554
42659 5196
52771 -24737
40767 -31159
-23429 -59018
-41915 43932
-13210 14318
759 -10829
-28771 -39255
6454 -43162
-24488 34272
-11583 26759
13562 20082
25329 7757
63120 -5459
-36967 21844
-52090 -17414
11328 11219
-42848 -48129
-1098 -14193
17565 42725
-11132 53216
55074 -38578
54755 -2073
9988 6941
-11719 -16212
53147 -54221
-56485 -37615
-3863 51535
-55679 24340
29777 -39307
-5861 33105
57987 40178
32025 -45422
-20792 -36931
20764 -22743
-32129 -51247
59365 -44084
5290 19015
-27273 26987
-3562 13969
65392 -48775
-61426 20071
3504 -30821
17959 52933
2998 -8236
50795 52699
-6731 5586
47985 41424
19551 40383
-1864 64964
-48520 59321
52627 53212
-52863 46400
-25145 -21553
-20633 -46712
-46867 -54756
-18908 64674
-21462 -60097
21833 50169
51205 -50226
-12530 -37797
56984 -9546
-37735 -65030
-7523 -43799
1030 -39130
-61826 -1487
-46334 -61030
-54257 -16791
63489 -15997
-32289 37343
-58243 -12223
9158 -14918
-59693 18686
-38734 -60453
39866 -26121
-13815 -7468
52365 -51266
38909 -7017
-65348 -26666
-27758 -3319
-8808 62466
-39375 -6832
40404 -12736
-64875 55773
29382 -16602
-7043 10597
13761 16615
12174 1008
35961 -20366
8898 35163
6655 -63456
-31287 -60567
-28825 2875
8353 -48239
50049 -53931
10169 26105
-24699 -19002
25867 -33080
-16541 -49548
-20431 -61077
22523 9525
5696 -30892
-56088 -17362
-22242 20885
29206 40636
-5307 -31289
-34301 -57700
-60780 -39748
-31997 36358
-48350 28626
8102 5612
-30212 28224
-12693 -34639
-44459 -27728
58608 -54753
-36399 -36247
-2048 -23532
-1363 -54593
-28423 40939
247 53274
-60132 1214
-31762 -49033
50067 38224
-31319 11397
-24551 44690
-21280 -4278
38781 -24003
10039 -39309
23857 -33672
42323 23554
41802 16630
20466 13119
51810 3081
5604 60137
43645 59742
57784 -8894
2775 61014
-59570 40037
54623 47161
34995 -33047
33476 47583
-9846 -23884
-34082 18141
32027 29372
57583 24961
44272 -36664
-50358 -38610
-25439 -17560
5718 140
51036 -20959
16958 56609
54258 38916
31654 14111
40997 62677
-32244 -19465
-33471 23730
49530 -24529
-9766 8087
43272 4405
-41310 -26490
-26824 8168
60952 20877
59056 49931
-13711 -5578
-18841 60467
32756 60141
8633 15178
53205 -3471
-58360 -46487
6875 -42421
658 -51680
31724 3170
29749 -2933
25979 -37858
11741 -63694
-25563 -31821
-14290 28387
-5106 -43588
-3726 12957
-52939 -19423
-25383 -25451
-824 12258
-11594 -27244
-298 16711
33294 949
-58945 43368
8002 33485
-14784 41491
60525 -1506
47754 -14919
56709 21501
10670 -11135
-20955 -12347
-42092 50774
-36752 43019
-13778 -54619
-51452 -20917
35435 -64300
28362 53813
-34428 -62526
24924 28835
-23168 -32000
-27678 -35802
-37350 48168
25279 -50112
31508 56042
61743 -46290
64366 -20480
-58775 -25829
17290 -50816
-56176 -23823
-58454 48796
-22700 47238
50569 -23627
-37112 46759
-31862 -113
-24966 3855
45446 52243
-34664 2404
-49440 -17979
-63305 30106
62234 23130
-2476 -34155
-4038 -26851
-2272 24875
-7656 28613
-38323 -22676
38108 62564
-43834 27467
29423 -47561
-29110 8679
9353 -6325
6861 2074
-28449 -27
12793 -45165
32217 -23233
-34881 -4355
-1186 51190
-47500 -10719
64979 -56459
-51268 63067
10899 -37922
-46781 -32640
-56956 61700
42880 34832
-58816 -385
8823 -57352
25575 22119
-11091 29335
-62965 -2820
-28790 58736
-1660 7689
18681 -40443
30067 17558
49648 32166
-3061 -29855
-14387 61054
-30401 -42847
43730 -309
-23478 62547
1611 -27055
31364 -28089
5361 28415
44098 -22217
-2904 -41895
13153 -64534
21779 -44762
33070 -10817
-58739 40419
1509 -43671
-38391 -52087
-7210 4418
-43441 8760
36455 62396
-8724 59347
35073 44118
-9768 48741
45745 62420
64507 -58188
-27069 23446
-28061 -60660
50261 -34375
49985 -59446
-29661 -31893
28637 -18160
-9806 684
-32587 28304
15994 -26242
-44242 21223
-39174 34497
-7466 -886
-25547 -19505
8899 -58249
-498 57897
-6509 41639
12046 25497
27709 45971
-2565 -56535
17436 -15016
-42125 -31498
10371 13677
61634 20272
-32190 -3389
39379 23507
2841 28702
8109 8232
-47573 48523
-37380 23740
20481 -48492
-59901 47039
-56587 43594
36046 -62011
-24005 -22090
56007 538
26398 -50953
-11582 15286
-62384 -20
30482 54251
-8341 -27876
10007 -47331
-1029 -48247
-42372 2088
721 46263
50858 -47143
21631 45110
-1103 -9377
20336 -9095
-6581 -30495
-50698 49120
24762 -54148
48509 21813
-60276 43579
60408 -64533
-33591 -48311
25921 -24151
60309 43662
24249 -20118
25432 -16243
18892 57684
-13805 14919
-61113 7520
56795 -34733
-47530 22155
-29025 -58236
-51369 51382
19470 20241
-44150 -48569
29828 -8832
30730 -57458
-6869 -15538
63102 36026
-29606 32814
41153 -11381
-55527 32775
-32450 31129
2373 -49609
3073 62066
-35717 -40208
-55618 44248
-37699 14049
-38525 -7332
26269 51322
-25111 25007
10760 85
-35284 54745
65012 -13287
-53580 14405
51418 -55221
-17678 62217
37111 -9118
33885 -48594
-6454 51742
45218 17008
-27535 3717
-59560 27468
-1375 -42897
-53770 8114
-47904 30124
47217 42772
-39418 -6069
45183 17882
1072 -25248
-11192 -9345
-22684 22020
37989 -31120
41505 -11812
31058 19007
22441 -55933
28094 21736
27723 60448
5485 -33183
-54051 -4041
-46341 10781
-37699 52615
-12052 2945
-12004 58560
2905 40999
-23128 50822
7511 2894
28642 -35043
11019 25577
-23488 -49615
-3464 -11087
-53836 -35969
-1003 -36384
23145 29337
-53432 28365
-63760 44380
27776 61156
41232 -27212
4283 -9195
21226 -44354
20936 -5015
34121 58585
35694 -20692
-448 -40133
14249 -5937
-16305 58118
-21970 -14514
35114 -65140
9447 -40302
-37715 -51298
-32444 59607
-40714 2952
-42227 90
37206 55168
47859 2923
20174 34171
11753 25859
-6535 -46950
-21896 2896
15648 33711
-58718 25211
12487 56328
11281 57086
23257 37959
61843 -22281
-58542 61282
34949 20921
19917 60932
59222 34076
16972 36594
-2839 -21434
-9235 30042
14729 -21787
27261 48921
-17224 -52864
15407 -10916
42844 -30098
53866 -42962
44936 -28549
52219 -38708
-62625 -53859
17726 -37064
25157 10532
40376 -53974
4996 -53178
-1400 1525
61909 -24338
-48566 -47901
-3459 7658
24313 40424
-63520 -48848
31933 53599
19759 31518
2263 19868
167 3712
-38495 -24973
47094 33298
-27036 -61668
-24005 16152
18491 17385
-43129 -14676
45 -8488
-51035 49899
-3825 -46162
5263 15551
3967 -15365
-14899 -4173
24998 -60078
30319 -12194
-33320 -37576
28161 -59173
22006 2454
-41492 -26429
-22054 -3057
-35652 -35865
8845 80
-44007 -41904
-13877 -4369
-12937 57599
53646 36261
-29426 24110
17898 -8630
-58025 -31063
36163 29713
32007 47462
39314 25036
19398 59336
-48338 23690
-34827 -46044
-65492 62292
-11088 60919
40526 55246
21784 6353
-5269 62603
-44593 63578
58834 -4924
45251 -62201
61706 38971
-28993 -3146
-26083 49940
43561 11048
61961 2417
48681 4999
58716 -43220
-63653 -31797
-53917 -23748
47492 62379
24197 -37778
20716 23440
-45786 27874
1321 61751
41899 -20702
6568 -1069
-23874 -25659
16164 4338
-47369 30833
-50462 31923
-30530 47570
63040 -32056
-61479 35607
10333 -64733
-48953 58513
40338 48546
16352 -5159
-36287 15520
-565 25276
53605 10709
16985 49915
35196 -64688
41579 -31562
-6757 -24044
40041 -55339
34292 38077
35704 -37184
-10600 19881
65039 -7396
58949 15055
-10327 -47863
-45555 5750
1985 -2303
-44451 -49475
-59981 3074
18086 16971
28575 -54387
-16798 5602
51117 -31657
21509 -40039
39546 -3350
-40466 36614
-23439 50825
-28068 -32490
38433 -28679
12415 -22552
61599 17826
-12076 64887
46101 30137
-14568 27974
54841 4094
55650 -26712
-4384 -64711
31004 20404
-53240 31896
39149 -31372
22041 -7683
22765 -27825
51735 50863
26769 -40619
16200 -18652
3166 62532
39033 -65265
-60575 6309
22754 43687
42767 -28724
-1473 41862
64696 -5069
-8205 27345
-60566 48366
-61234 -19515
62124 45869
-47354 62776
-8891 44834
-46091 49643
-2051 48803
385 -60538
-3321 -55505
-4355 18041
-40312 51317
46865 -33650
64586 43991
-55100 9492
-51394 -19272
51411 20154
-31570 9250
-11707 51154
-52183 -62258
12173 -54383
65491 40196
-33694 1655
-16083 55727
-15432 32576
26770 -62959
64306 -33369
3686 772
-33696 13801
-27830 52277
-11199 8054
-43090 22524
-3849 -42734
17827 5871
-49077 61966
-47510 38320
-11388 -1262
-51042 27637
36974 32848
3371 -35316
-54339 33116
-2591 10976
63794 -52761
25759 -27539
-30133 27922
47773 -26045
25707 -31139
16180 21590
54328 -47006
-56587 27305
-9894 32263
-9243 49352
-47453 24983
-56700 -11054
-21763 -10481
-12064 -43428
55359 10721
31339 -46672
37980 34717
-59566 53114
30873 -18204
20675 -37579
-42797 -2924
-11221 -33780
-44966 -18372
3828 48169
25968 -23135
-40397 -9972
-33992 -9183
20290 -64016
6529 -46749
-16767 26465
-60351 -61487
-35741 26568
-21357 -26327
-24211 33378
40801 -24794
-58067 4400
5778 -57006
-52866 -33320
48644 -31948
-36850 -62332
44521 3866
-41430 42805
49666 -40632
59120 -14438
9103 10175
-52118 33406
-31745 22038
41309 -62207
-18156 27101
-28463 -5835
-56756 58088
14602 31981
-36456 -20651
33862 41348
-63103 63276
-1896 65144
53993 -47954
-7661 -55868
65527 29109
44128 23552
61395 65121
25940 -32596
-42673 63919
-6163 27127
63090 40369
-35458 60156
-62085 -14595
-60726 -63129
-13612 -48127
29625 -22119
-48046 42266
-19640 -28818
-6837 -12351
-709 20230
45914 61842
-35690 49533
46438 -44143
49484 -40399
37875 49234
-50764 15844
63203 3440
60676 64044
-40401 -3904
9705 53039
-58336 -40203
-41025 -1499
-61270 -55119
-64297 -16187
18853 4002
-28897 -11555
31763 -10496
-40416 30215
-7437 -17596
-48480 -9948
-40901 -22082
-24661 -37132
28459 -63951
52782 -59058
-52799 -60650
-59217 -14047
11814 -31087
-14477 38806
40521 -52439
-14877 14961
29951 -36418
-43544 58325
4424 23632
9435 12390
-61214 -15236
15058 -49686
62961 -38117
65380 -17776
60075 -43903
38998 -41559
-49899 31523
-49881 -42726
23392 47384
64987 -3968
-49945 42477
51860 24210
11477 10621
18709 -38292
-46781 -3803
-56804 -38047
15098 6276
12980 -3855
22916 32391
-53737 31947
-55547 50487
-33742 -28565
42088 -9656
-41652 -46586
-7687 -54631
12122 -36932
49150 -63288
-1768 -8249
65207 40153
29835 -55616
33136 7769
-750 54823
14664 -3944
23504 -41618
-55850 50133
-62538 -22633
64599 -20267
33824 -25788
23821 25191
27906 -8663
13233 -63528
-52505 19080
-49283 -13453
48245 50645
52355 59517
-48611 -50881
-53217 -54301
-34888 6451
60041 -48728
15509 -7939
22494 2255
-43674 -32990
-28107 19811
-54993 -57349
-45398 37400
5559 -56959
26438 5242
-41344 -34800
40431 10193
29113 2853
-1453 50642
37766 48636
-11008 59077
58105 -17983
13795 52964
-53628 14420
-17168 10749
62539 35412
18207 -16709
-25995 63796
-29712 26390
-60161 -27310
17049 55783
40803 -50927
-8782 -58304
6119 -30724
16077 31998
-21574 -51549
-45322 -21659
-31319 56890
60410 4142
11126 59842
-60979 -26364
-41166 -6015
7312 20072
39956 -5100
15321 96
53394 -33012
-50428 40188
-3994 -45512
-7302 -15554
-56421 -65116
62465 28162
-17404 -32249
62828 -1491
-49943 14190
-16250 36713
-56526 -61993
-51048 33088
24059 24892
-29676 -5531
-58245 -20127
-10930 19075
-45531 37039
64930 9301
-8446 -2522
-17458 9122
-55830 -39914
-19528 48560
56829 -6218
-2767 4324
10191 7169
19536 21304
56122 -56225
31582 -47552
32630 55609
-34133 -9526
-59634 34556
-3069 19227
-11042 33014
13934 -24458
-17898 -51976
-14548 -12963
2447 52265
50184 35646
-30716 32110
-33316 3122
34048 12489
42582 -62454
6361 59912
17570 6979
12512 -1628
-64857 19168
59746 -5887
-20122 -24575
28734 23287
-3357 -64484
-53325 -44780
37782 -5686
34211 19505
46911 -48011
-37223 15711
41013 -377
-16888 -35393
-47609 -4597
-23790 -13583
-20308 46779
1186 50904
-9010 -32136
-40787 38161
17003 -2108
28494 -46612
-35330 -64764
-64305 -24253
46836 -9947
-45186 59613
-41623 60661
56932 -51261
-26673 11374
-35903 32090
16002 65072
943 -16407
44222 -21549
5054 58231
36018 -52791
17354 15502
6937 26335
-34697 36737
-30444 23754
-7451 -29486
-49938 637
-40614 -26167
29481 -12007
-51599 13307
-46859 -36244
-33933 9688
-45144 30299
-59900 -53005
-52122 40631
54391 -45372
-51446 1771
-59556 49689
182 239
-3155 19326
-63510 -37398
23050 1170
-24080 62211
-34080 -1908
17163 -10956
-25366 -1635
40981 38652
17593 -32691
62026 -39324
17988 65376
-51576 -57666
2624 -62779
1715 -62951
-32460 32993
45775 -29393
60067 -41880
37352 31992
2944 -64849
-63223 14563
-32794 13148
1719 51967
40607 59345
8800 -8036
-39555 -26359
-47658 -53494
-53529 18098
-60469 2633
14806 -1852
38858 13893
-28606 10843
-23003 45887
-17877 49701
-1108 -14569
-44138 20908
8885 -25101
-10407 -56002
45672 -15225
9249 -53047
44422 -26360
-39631 -64631
50356 14787
-13061 -35716
31737 31876
34437 -2597
13147 -30786
45547 -26625
-23861 36767
52943 -15381
-46279 -46322
-20663 -63436
-48188 -47933
-21647 -61826
-47788 -32064
61195 -60254
-27255 -15566
-36077 33801
-5491 -45875
-62004 -33796
-62007 29432
-64077 65429
-15335 9172
-65311 25076
61525 60467
-36927 25503
-62222 18109
-30730 -50132
-16959 13816
1414 -27081
39168 -3024
29461 54579
-50164 56220
26214 1654
-45229 -29436
-5465 -5008
-26858 -36028
4885 -34131
-20644 -48819
32774 39984
43767 46367
9996 -37092
22273 9685
-24399 1227
12383 -4556
-12328 37411
31557 -2267
-56026 40432
27993 -33257
29647 8327
23802 45564
-17078 -30171
34881 -59879
-59872 -51577
-63914 -60945
19478 -21701
23085 34003
14471 52330
27391 61648
43450 -32327
27397 -63047
-43689 33450
39295 37912
30985 36353
-24639 -50639
-12919 -5248
30415 -34811
-12816 -8273
40382 -61016
-22718 37636
-22376 -23712
-36602 -24706
28348 -46700
-26893 44986
-62489 -17967
34191 -43434
-59080 38393
-24614 3051
63140 -64575
-51331 -7090
-51188 12596
-12614 -16622
21304 25715
63527 -10593
25079 -41393
55721 23445
-42997 631
21269 35662
14741 57724
-46513 -48643
-60563 16839
-19221 -43119
-43234 -27381
52291 -27405
-48099 -27218
-55512 -43671
-63907 40443
-51369 -28213
-19289 -62040
24760 26871
30059 -10855
2010 44294
-40903 -14731
1946 -32835
-6269 -60476
-31917 -49184
10650 22983
15029 -63043
-16089 8253
25593 -23436
-860 55394
52644 18706
39753 -60414
48630 44386
-23096 35040
25638 55022
48418 -29807
-29619 -58900
-22890 -48983
45451 -30696
50261 35727
9408 818
-43410 -46892
-56793 -50902
53105 57720
23992 -38545
-60988 -53638
61070 -63664
45874 -11278
-33162 -27331
-35129 -17667
23579 -57523
19073 -14739
40969 -33961
36577 32523
267 30755
-43408 23762
-9192 -22706
-33025 6811
-35598 -57217
38809 50894
-41990 3224
-45086 -54161
-31520 -54821
-61929 33851
-46160 -17065
56163 -23632
-2451 -18489
-30179 -33114
52889 4353
35797 10746
44790 -19494
-33655 1978
7649 -65419
2383 -51003
26814 -63882
16532 -2755
1370 63375
16950 43671
5448 45557
59819 43848
-40884 -28311
61133 -29210
-34902 19979
-47754 -36622
-36745 13998
3015 -62660
-20995 -4290
60204 59222
42471 -41190
5432 56390
-28213 -42083
2652 -51973
-27324 -6711
58397 -936
-34737 -53846
56845 28998
29022 64549
-22145 26616
-25034 9784
-14102 21479
-58364 22086
-9994 -21535
-45769 55291
-2267 -33506
-53348 40833
-42606 -56732
53933 36635
-1595 8547
-24160 40711
-2030 62981
1310 13830
34023 31720
-3047 -53832
-19735 -18827
-29824 -19222
51899 21492
49347 -43395
55870 44890
-5094 38512
-26306 -18918
-29362 46372
44214 65234
12808 -19766
25476 -64176
-40814 30381
-64931 -3549
60215 -58051
-26883 -35174
27843 4494
-49578 -26507
41667 59414
41339 -24339
35725 -15321
-33540 33087
-1047 33064
-14123 8130
1235 -12431
8703 24629
25191 40768
-7934 62935
61564 -24462
-7310 -30463
-6340 37925
-14044 -19293
36532 -7197
-18857 -15430
44350 18817
26191 9452
-64183 56879
-33022 -19354
-21469 -13656
-40727 -17077
-46003 -26171
-61573 -31678
52712 5443
-48721 21755
-63643 53683
4467 38864
4079 33242
41863 21708
9968 -37605
14336 8428
53730 -46725
45140 -27607
-37152 32752
-45548 -12676
-39908 -10562
15634 -57717
45336 -48455
-46813 -13468
17767 -33614
21231 -42826
-39053 -33716
9914 24280
-32485 -11786
4600 -22507
-44579 50224
-54037 748
-30873 -60671
46833 45740
-36969 25666
-49881 33490
-65101 -21066
31903 -56356
54960 51090
-34936 -58012
-59201 42510
-12398 -20772
12211 -5288
-30549 64008
-1369 -2252
44584 15067
-15548 30199
-51299 -13267
-42884 41084
22338 20463
-52445 54954
50018 61102
-4790 -45787
-35131 -26343
17331 15963
-33808 -56389
35372 -27577
-27923 -13346
-45988 15501
30028 15627
59517 6031
-3571 52377
51928 -17752
-46228 -5438
-51876 -41640
59629 -62856
5207 17895
17490 -26757
-36460 39069
54718 -20041
18833 -2543
-47904 48350
-5946 59290
-37027 -3701
9683 -11536
11189 -35722
-53255 -62116
-47008 27108
37588 61676
-13616 -12129
22695 24495
-58461 -43506
29983 -52257
29320 60620
25972 -18663
25191 -41470
-23237 28714
-56987 46426
-43508 27342
25742 20581
-63365 17721
38799 -58846
-32503 18809
27798 21422
-20959 -42460
-29111 893
-37797 56792
-40929 2214
-55894 -44048
-54515 -4154
-62888 28595
42706 -43703
-4759 43084
-6680 -45904
-47268 16999
-20317 31056
-25045 -53934
36528 -33987
6388 -650
20202 -7554
-29394 -46574
60838 -63657
16079 49052
45309 -45028
-47780 -47951
-16307 -7398
-52851 26524
13136 -40276
-57560 40969
-46742 -31381
2409 41339
40771 -8809
-35213 -7171
-9871 13446
9840 14754
-3564 14115
-27735 -49541
14724 -54421
58387 37613
45395 25046
45982 850
-23594 21170
-31560 -64740
-11477 -1840
14263 51289
-42508 -16515
11469 21870
-29956 36061
-21124 -47926
-19458 37331
-50543 -41094
25730 -51004
5040 25208
