3217
-47539 -47967
7818 -54570
-31128 12856
-15424 9103
2623 -57486
46170 63957
2791 -25795
-34255 -61420
13943 -37897
35839 17416
16037 42334
-37694 -35771
-30245 36323
-58642 4159
-44306 -24424
-17258 -18797
13658 7618
8709 -37146
3756 42444
57868 15375
23703 45954
-47435 27421
-30338 -14614
-664 -13082
-5498 -54176
-7974 -34286
-45019 -56936
-3987 -21981
-11708 -21644
-15059 9937
-55908 -6461
18072 -52583
34600 26418
45786 -52716
-40667 -17845
-24265 -37849
-16186 -40238
31585 -19197
39788 1377
-37776 44702
38234 -56174
-33785 -17581
50753 33708
-28950 -2935
-47925 -17694
-325 -60489
-8948 -3977
-15128 -21370
18506 -49961
7369 1746
4545 -26229
-22766 -30132
45752 14075
38365 -21838
-48034 -1260
64794 42662
-29097 10067
-9902 -1919
-62629 -63954
18347 -33172
-2590 4849
40570 -2125
56416 35471
-48757 -3839
42195 -25149
37100 -51636
-46804 -27502
49531 -58127
-8302 51666
36637 17905
-42950 -46823
-7194 -40565
-30450 46658
-63294 -9490
-12000 -54454
35084 -14160
6475 -13789
6341 32636
-55127 31442
55124 63969
22430 -3002
-17383 62146
20840 -29147
-32176 -50491
13486 -22225
-60974 -8176
-52132 12696
1091 29130
55022 63764
-47905 33653
-59770 3205
1177 -23018
-27680 19770
-19253 43132
31162 -40166
12727 -51510
46264 46606
62181 21992
-50255 -47024
-61188 -25097
65410 -21332
64445 28365
38658 -42583
8319 -60045
-13425 -32906
8719 -25996
-65312 -61760
11228 52069
-9649 37408
42604 -60762
-15501 21693
-8835 55961
-21520 -44674
8574 -23250
-36920 60612
-26123 23851
6861 47526
53331 -22041
-1390 19765
-15840 -35304
51672 56494
50244 -39828
-62985 54735
-841 -45763
49632 -49178
-14663 18799
-20396 -4882
-8499 29584
-18434 25307
23610 -33226
55597 -52031
56242 50515
-18098 49001
-10031 21916
-1985 17427
-45359 -18382
-61253 19531
37948 -9199
51939 6831
-35064 -49317
-16870 -43644
35845 10238
-34231 36480
6778 1854
13400 22993
-4122 -30218
-34714 -39453
-21859 21450
46274 -19063
41188 4271
35495 23375
24083 277
-27147 3979
2047 5710
-2822 -33482
-53800 30581
48118 -2518
-31715 34351
15529 -47770
-30227 -45954
39371 25074
-40253 -43719
39292 2898
54857 16790
-62031 -18349
-26563 -64095
47576 52458
46224 -31221
-49468 -61020
43069 -32487
-24822 -54473
24778 -11865
24235 -35991
47674 48505
-27621 -14165
16594 8289
59909 49638
44181 -19954
-58665 7781
29115 14951
55442 -48944
-34502 24184
48817 -53886
40096 14603
-3843 -20877
-52264 3024
23169 2474
-42214 -5357
-1798 63218
41691 33734
48924 -62375
57026 16136
-45078 10643
-27170 9629
40031 -26663
-37191 -35545
32250 451
-46270 -56716
4545 -58405
-29588 -38359
48087 16692
-4427 46167
12555 -58928
18120 43915
-2053 57609
-9396 1057
9931 48752
-56792 24656
20658 -46445
30799 52828
16386 61311
29757 19451
-41888 43518
12884 40322
65523 16292
39953 17202
-29406 3917
-1615 -47368
31800 -57771
33910 32101
57640 -48227
-2493 -37104
31753 -5945
-11893 -13741
45986 -34993
64070 -47515
45778 2661
64370 -17834
51806 -596
43163 -5801
42792 63057
-36146 60073
-29046 -19957
-34192 37128
42032 -45456
-18749 -8220
-21087 9838
42021 2703
-33579 63049
22778 23853
-4203 46313
-9182 1616
-49244 34876
4156 -61728
28255 48943
-10622 2852
40944 -4247
-42804 -44160
12441 -646
-28685 -46027
18677 31889
-43912 -1617
30396 50431
-63315 63430
-50559 35144
56151 -16922
-30910 19032
35513 -2631
51448 42508
44666 40976
-16569 63803
17224 32379
-3660 -54715
-45296 -60359
-12867 58420
-56438 63549
55671 7747
35212 -36597
-22437 50020
64422 -5359
-18272 49303
44091 18507
-25727 -25779
-37276 -24863
-22858 -65190
22495 2300
-52737 61555
-32722 -48325
-36350 16568
45436 -48538
-60822 13985
-43800 -34947
16805 -62829
39289 -12340
64572 -44663
6893 -31791
6549 -55298
-24678 -24972
-43728 -25781
9929 -52806
-15382 44650
-21586 30104
9750 49438
-32120 4675
61052 -1508
-25314 50824
54613 55751
37503 -45385
-24137 -44232
45055 61151
52950 48441
3800 -60900
-62199 39344
60335 28413
-13508 -20880
-9529 48860
-33869 32346
-2269 -27830
-15632 18953
6347 -62669
63995 -15483
62437 44707
50997 -24103
-13841 -62976
-3691 1929
-23085 8004
-46433 -58374
55141 -36097
-15603 58685
-18442 -16341
-64562 32217
-6137 42356
-41238 -60415
55014 -54382
62436 35911
15036 -23034
-39001 29933
31838 7521
-23624 17392
-16358 -60974
22047 51281
-59561 -25986
-17038 59828
65371 -46605
7442 -26014
51048 -9566
22866 37702
-53935 -40140
-43163 39815
40460 -33164
-61265 -62903
-45045 -18430
61928 19591
-23796 41857
3470 27921
153 -53331
-48094 -37672
-18215 -20724
-19336 41560
-47123 -10938
-20088 36982
-36776 29252
-9483 933
51504 -44632
-58360 51403
24263 1503
-3363 19046
-24098 10546
-5596 53216
-46694 26626
45077 26532
-1132 -49994
-32703 61174
-39653 65032
-62088 11538
-41907 8055
45312 41725
-55124 -3415
-51310 -1178
35309 5900
538 -3927
40512 58316
-42837 -36888
55632 -17348
47721 21456
65099 -20828
-49071 -54794
65409 -62203
-15194 -38917
7617 65295
-44331 -58735
18909 7426
-11142 -2120
-62891 -62978
-58502 -32886
-20918 57129
-38752 36299
44813 37167
59190 -25646
23438 258
19968 7977
-41625 2297
19911 63623
-56967 -12576
43873 -56183
-15406 -40183
61443 13639
-55269 -60326
65282 -65503
-30057 29608
50189 -49673
58314 -59595
36568 -36836
-20325 35314
-56742 43979
-23280 -15650
-30129 -26592
-17279 39874
37151 -32238
4262 53161
-26390 11781
-49512 -6439
39411 5299
-18548 57669
-44329 51111
59257 17477
32494 32223
-35728 -23943
-24557 45234
11392 -337
-65052 -56753
-153 51693
41383 18688
-10525 11738
10749 -6852
16972 2893
-2312 -33396
-582 -28834
-31969 -17385
-32519 -19918
-21541 59883
12410 6342
-17558 22892
-36054 13392
54971 40450
16139 -61444
-35270 -16871
-37366 -23302
-52767 -40277
-44307 9499
21766 -3787
52683 -33399
13754 -65390
-3278 -11670
43740 -52017
-19945 57104
-11415 -31840
-5308 36139
-22029 26240
-33294 48748
-17405 25034
-48610 19533
-46933 53408
37409 42958
-33926 3045
-49866 21007
35310 -3124
-17906 -31675
42389 -18988
9458 -56874
50389 6801
6152 -40779
48509 25708
19802 38754
39311 20328
10693 56955
45631 -20668
-44201 -45422
-60475 -15394
34872 40079
14655 -32391
60654 -13338
-18543 20619
25274 -20589
45818 -12626
-39998 -24801
-16906 -6287
-39250 18027
16865 -41087
-6058 -13758
-3494 21250
-30719 -63063
-56661 -63037
27186 1438
-15349 10844
9731 -42280
29161 -12801
-10764 37194
-23145 21166
-34509 -61216
-12389 -51999
-33242 7289
-53533 26173
20276 -13150
24149 -32750
65105 43613
51933 28811
25821 45088
-48305 -9216
-49422 -39558
-28508 18100
33694 -16639
30779 -13306
20039 -24465
-28030 -32516
19630 3725
-7155 -57367
-39569 11736
53054 -32105
-52826 -34239
-43025 -23202
-33824 33419
-51032 -56125
9212 34438
7773 -4727
-45212 -46076
46384 -45987
-54829 -16750
51869 17107
-35620 -54142
59042 32895
-3100 65095
-31710 -1709
-53485 -12561
61373 11824
-17470 -26840
-26664 54876
25519 55104
-18195 10323
-63187 48560
63167 -58458
-51345 -1553
-21164 -25192
4185 -26883
-11526 6409
49007 35903
-62684 31573
-38672 23028
14583 -31377
-53003 23485
-65425 1293
21338 60460
25610 47292
18625 -35360
-34307 -55221
47639 15467
-64988 -35556
-64240 40533
-62971 51347
39387 20363
40029 37884
28419 -14081
54992 59091
-11871 -60855
44802 10688
-467 31604
-56425 16060
38000 -6829
-50911 65061
-859 -2232
-22097 26828
-58886 -52265
-63681 31939
57452 18317
4553 23998
-28929 -12774
-13572 -61896
45769 -1814
-4197 47051
9586 -41010
42409 25488
-13616 8557
9090 -51524
-19415 -4418
28952 16304
29430 46250
10148 65171
-56483 34596
-33676 64615
52355 27780
-8833 -39126
38391 -17546
698 -45872
-17313 -53075
-5100 4633
49895 42147
36899 -53377
37636 7749
-17027 57611
59001 -5512
-64967 -21829
46902 44354
-57665 -33825
22708 -37850
1094 33595
41061 2979
937 -16041
-21858 43536
-23214 18068
-21661 211
50037 56875
18911 54851
-43735 25094
16542 37784
61462 -3078
-48041 -9745
18908 30468
-25024 12441
44353 42918
-46774 6311
-30199 -20709
45438 22191
2385 595
287 -41804
27213 -45634
-63560 -62660
13061 1435
7529 -54511
-15414 -13074
22865 12487
-35737 36807
-63663 19948
-21457 18476
51862 -54371
-62719 36610
-49856 -11185
-45177 47077
12648 3599
18533 48542
43116 10509
-39810 -36999
-34596 6047
55615 28928
4753 -58587
-63810 -12386
24191 -13461
-41784 65028
-58226 23406
43978 60964
-27404 -45890
-55430 -56177
-52172 4816
-65362 -50644
14634 23432
-53505 -51846
43782 28336
50812 -12292
25330 53294
7238 -50247
61900 -31319
42232 -45397
16340 65016
51863 45490
25863 -7910
-49282 30879
30609 -34527
-53339 21459
15719 15819
12603 -32773
-60191 64154
28415 -27997
-39911 25455
36862 -37881
-57232 11168
35787 49362
56646 22238
8400 -58236
-21272 32213
16110 42439
36616 42697
53933 -36372
14153 -54771
-1995 -2831
-22398 -4663
-9186 53845
41167 -54636
-1579 -10377
60680 30762
28007 -13589
6902 22797
-5130 -47626
20114 -23982
-48260 -21442
6324 1171
-26592 -39077
55458 56514
55935 23963
-37905 -17768
21060 27942
18886 63219
-22456 53655
-15145 19662
-17293 -61028
11306 -47411
-57946 3299
-16715 11850
59328 14026
-22188 64497
-28082 -24697
64627 29817
44708 63465
-20382 -34021
-61064 31169
-35164 -17569
58422 -27233
47041 -1358
-54255 -38862
3101 4106
-38288 18053
36005 -54396
-31603 -60793
-47785 -52759
-53013 -21398
37810 17809
42420 -15923
-49409 -12604
5124 48845
-65212 45326
-59357 24945
9933 -64153
-45609 33279
12503 2756
-55889 64214
38140 62032
19129 32779
-53587 10333
-40764 22359
-57351 -24292
64189 26255
45776 -44599
-44266 -52487
2634 42953
33081 -37368
39672 57797
7827 -25232
-40652 45156
65491 -18517
28210 -35391
53375 -32977
-47258 -27897
12089 19428
49597 44113
-24318 33469
-47157 31248
-51035 4793
32980 -59572
-15170 54341
-12396 62570
-102 -15176
-39933 -48966
61734 -23986
47133 -23212
36940 15726
-57356 -19207
-7882 -29619
-12577 5490
-46854 -28084
58662 -3807
-44468 -24382
8415 -13326
36852 -20540
33505 39520
33309 60981
-61659 43057
-42832 18454
-30279 -36041
53917 1091
31629 8459
-1212 16233
40374 5819
-37035 3046
59922 5969
-34627 11208
41112 -11185
53575 -35906
64848 14503
-17386 -11424
-20894 35517
-5322 39261
-31235 -59056
-46620 -11922
64495 19315
32941 -58362
-13521 12788
10779 -47945
-56085 7620
33436 15409
-46440 14411
-6672 -41930
35378 -55951
41173 11371
-61137 40387
-55647 -32449
-6013 51122
33966 13692
53820 27157
-43587 14194
-65176 -20295
52991 -29101
-38318 -50228
-27642 -8070
-12456 -23314
44420 -43331
11075 36780
60878 -8148
33571 45809
-27490 19433
-46195 25444
17298 -44144
-30336 -17427
18606 -12600
-44753 2064
-30246 39453
-56963 -21407
27706 -36206
20946 14754
-43744 48350
-17660 255
-13272 -53009
56270 -8968
-52327 -2543
-52213 -26801
9918 -12063
-9187 -1509
40176 12312
61389 -5099
6090 -23345
21460 -1275
49679 -3881
-61876 49297
-60937 31332
-44248 -50511
43037 46616
61941 15774
-40631 50576
-50294 -41986
58728 36386
7090 -5928
17173 48339
4482 -39513
52937 57007
-11175 -65348
29571 -5646
-55600 -53640
-49031 -14054
7599 -61877
2934 -21591
-60251 -57352
-57372 -21327
27342 -45813
59413 48700
34444 -65116
-30231 12619
21553 16776
19607 -15074
-41320 -11961
-10483 17228
-64070 58160
-25162 -31612
-60851 20659
-20614 36434
35355 -31839
54136 -4657
-23670 47776
53244 58003
42495 21795
39791 -25232
4909 -60895
-48516 -13390
32367 -31424
7712 -4706
-28258 -55254
-53827 17293
-63198 -21918
-29845 32119
-34954 -63718
58432 -11153
37352 -42778
30179 42048
55341 -44318
-9619 57852
-41846 947
55139 -59278
-6917 -1038
-55813 -48725
-26668 8274
43523 27518
51632 -5833
35407 -58478
-17305 37712
14553 -15786
-3115 32108
62592 -12641
59961 -4450
56172 19656
-15305 -60677
-63232 -50
6620 29400
-14709 24981
36261 17524
-44375 4494
44662 -49860
19893 57007
-47969 -27202
-38585 -1923
-42370 43640
-59691 51613
-49242 35243
8858 33056
-18621 -25655
-62257 -46283
-27477 23275
-14494 -39377
-38951 55302
-14989 -18332
-24731 53265
-57734 39282
44278 51065
55549 38635
-38410 -38284
-21595 428
-15422 14782
16286 50842
83 -45285
-40254 -19088
-20140 51474
58635 50351
-16239 -50130
47459 -17279
39183 -58911
-43923 46806
-49215 33639
35073 -24552
46050 59614
-15147 60992
-13117 27291
19216 -22783
64396 -41104
-27849 -22501
-7407 21153
46438 -23937
-52020 13309
-45841 -51764
-6210 43965
-31109 7211
-1976 8216
-48981 -3617
-52524 21107
-51763 -41478
-21466 -23803
-42304 10428
-49811 33209
-21799 47574
-27898 41917
-14146 -47012
-28536 -47475
-41966 25674
44780 36878
39028 32175
11218 47479
-34018 -62710
-62335 -59562
49111 -32149
28327 -56696
3864 50260
-11945 56982
52651 -35535
-50584 41543
-41434 -13993
-48258 -3588
-40667 57189
-57975 56704
48080 55096
-35610 -8864
-62120 -46705
16440 -45750
-13720 -35722
21529 -56405
-3399 -13432
-36455 33547
35126 27556
-4139 35069
-52986 24252
38721 -21642
27322 -52939
-33350 3373
-26764 -9119
23993 2960
39939 -41266
54199 -64653
-61370 5344
17401 -61701
54559 18994
48373 42976
-46622 5300
32519 9094
9865 -119
-1957 34834
48126 28286
-55458 56344
35072 -12596
60197 23951
59980 17955
41607 -32760
33764 -59904
32431 -44140
-27545 -689
23169 -19639
-53052 -47659
-9557 13081
10402 50729
48483 -24604
-62262 14916
-11282 -30379
-26194 17564
4351 62074
-1009 -10015
24858 -5774
-42354 -60217
-56228 41840
45558 64826
12420 1771
18026 20932
-5783 -38651
-17482 59629
7324 33631
36693 -33734
-47689 -65201
25450 1683
34548 -48798
-21856 27237
-64464 26835
31030 33908
-42269 -38390
-43879 -61244
-1534 -60464
-2740 -14426
14209 -62394
6670 -20828
-29364 -15334
47279 9110
16570 58201
-33565 -46550
19314 -48740
-55223 15270
-25449 -15335
20991 -15706
8958 41703
38348 -16250
56543 -30877
-3330 41066
-61700 -2504
891 -33413
62339 3802
-8603 64660
63164 -10735
-54476 59536
63297 -1291
46123 -8592
-63294 53896
-33001 -26984
-32895 40358
-19990 -18033
59819 -2110
-51182 49840
-33021 -60553
-46952 12324
-48515 -7923
63882 45386
-63884 38054
33415 -61676
33248 52677
-18504 57556
50932 -7283
-31491 365
-29950 -9112
-48373 -21046
-53693 -62685
-31937 34580
9216 27863
-46509 40541
38522 -10764
-27748 -28210
55137 -51928
-5382 61322
37897 -55977
-44756 -47823
-36905 -29694
55983 30165
54354 -27492
25499 -519
-57658 -34172
-12285 -58913
23894 -35408
64724 42399
19930 -39583
42233 -46203
38809 23603
-2834 -24560
-19355 53595
-30540 29958
16407 62566
-63097 -3920
-28478 40776
5864 -42267
45701 -6978
-4748 -48416
-192 33674
45241 56949
4774 9466
21718 62325
-21319 22940
-60315 29342
-34198 61816
-36264 -32737
2833 -46757
58483 59450
-22589 -36863
7553 -15643
-8938 55337
-16697 -59273
-51445 49027
43420 -27444
-20191 -15416
-50969 -42822
22904 -39401
-61216 43416
-16193 -65014
-15761 -2637
57383 13442
-41815 -8522
-34339 24214
-7806 8035
38160 6050
-58580 -8967
29061 23271
49738 53758
-55288 -22438
-27383 -28240
-35072 31291
15396 24145
-40470 -49310
1495 -12822
-44628 42867
36966 41175
-31972 63039
-2883 -8989
55514 -6612
-44736 -52536
-1498 15052
-12627 -1466
35891 25350
54495 -27133
47726 -58531
-59986 -14260
15415 -9546
35597 -65208
49741 -38543
-56526 43733
22865 52345
-34000 -39342
45811 -33792
-7259 -48417
-34118 61111
-4181 -47365
-31636 -63262
-601 4228
-37733 39886
51643 42546
-870 8439
-62173 -23460
26560 50819
25465 -7001
54415 -59482
61888 -45307
-32415 53062
-26326 24511
51566 9325
5881 -31291
-12827 -27545
16745 -42123
-9305 -6195
-20142 -13144
5496 22519
-34779 6589
4038 -59696
58981 62668
-1884 -22600
52714 15456
-17536 -48709
-6161 -45905
15360 16069
14159 -54986
1293 -12522
21626 -46639
5316 57005
53067 -647
-14801 -28013
19665 10135
-51893 27148
60221 64010
-59203 9246
1666 -47202
9244 48606
-15194 34562
47014 36288
60857 45434
18612 -50892
-15094 19005
-17366 13648
1046 -17126
-13397 -43475
9627 12642
5300 -54433
-2581 63366
-35810 57073
-15872 -15957
65399 64287
28422 -51191
25122 -61230
-22345 -35089
-2926 23207
-58902 -54045
2730 26416
-1079 -46683
62159 -1581
6189 -33983
-60617 25667
1902 -51049
7011 -30305
49381 10574
5365 -58297
29804 14849
-61550 -31204
-22207 40898
-30780 31978
11894 -6664
41029 43525
15689 52958
18237 55748
48937 -18501
52343 35148
-15375 -17357
-59818 -64577
-8417 33104
-46371 25083
-19295 35537
52215 -49461
63248 48304
-56109 -32206
-16814 40393
-32769 36916
26263 13483
49403 25571
-44926 30574
-34589 -8147
63151 65091
-32805 -26925
-27048 57438
-27089 -62222
-39039 37035
-38920 -10781
24210 -42908
-16363 42471
8752 -38087
-32809 -49253
-38625 -60750
-41625 -9404
28117 -57049
22589 -50756
-1342 33359
3623 2649
35242 50866
22720 -15543
39716 -60067
33097 -18694
44221 -47407
19305 -38217
-15174 28693
602 -3186
31840 39720
-47614 57245
-20694 4529
-26764 -47819
18326 4300
24193 -26937
-7739 40362
32925 -54355
55308 8783
58144 46069
26337 49254
25435 27066
-64361 509
13922 39945
-62855 -214
40381 -10075
-29876 54362
25453 -62474
19913 51329
-59297 -13513
-63718 33603
-12508 -49645
6161 -12082
-838 -38153
5011 -9947
41371 -45874
41955 -16810
55899 -5603
31698 -61811
-7198 36813
-60561 -27463
-11302 -4924
34607 -41127
39293 -30267
-62430 -13917
51607 57712
24590 37185
-11110 15194
-59175 -59538
2192 -27966
-17172 -50555
10985 34601
-42893 47644
-539 -57193
63905 -17095
2449 -34643
-27525 -29940
-35201 59099
7902 34984
10712 36867
9527 24988
14393 17913
-22986 -47638
-17438 -5949
-18058 -31801
-42230 29528
-50149 -29556
13928 56611
-30521 -20561
-56398 22209
51069 -13828
36529 -6761
-4791 -11954
-26684 31568
43737 -28953
-47948 -51690
10182 -1735
63836 -7306
-33082 57838
-20876 -35237
38716 -27169
11209 38996
303 -60643
-31795 -7950
-20841 28166
11312 49279
55216 -54135
32536 -58865
10715 -4052
36849 -15228
30748 4289
-49112 -23999
6119 7121
-47630 41714
-37397 -33296
-64526 46825
1718 -43871
-44886 -28690
44090 -7308
-28337 -44536
559 -23789
14373 47577
-27871 -34385
-1689 11850
12549 58325
1269 -10578
40775 26783
2025 -3720
-65438 11650
51744 -21726
20104 34162
18790 -19952
-22245 -14608
-30453 52706
-12775 56906
-7914 -24551
45837 -55106
57995 -53338
39704 6358
-31213 61138
65199 26510
-10484 23395
35743 -4582
16963 50416
-63772 33782
-51228 -54250
39409 -47901
-37116 -2395
64396 -48268
-57195 62636
-58574 -31771
28857 -35125
7624 5836
-29003 -40555
-55576 -52171
57969 20608
-35233 45010
-2755 -16335
-51314 46373
39194 8122
37628 14066
-34327 23804
8425 -39267
27868 29912
-26880 6222
49141 39945
61280 -53749
11597 -49849
-13605 16214
-17191 42990
-13142 45108
44022 55968
48805 -26144
4490 -42177
18301 -5321
27590 5571
-23803 -35348
-21132 -55613
-43012 48119
49324 -63015
45880 40592
-1761 15157
6804 -38823
63686 17289
63831 -53642
-1818 -33870
-38328 35492
-63708 46832
49175 -20019
-39146 2555
-62106 -3197
34801 -39019
-54222 25427
2459 42362
-43769 -13960
60634 58658
17332 -21806
48246 -23908
34473 -14721
13029 -8342
60915 -44801
49432 33153
23477 -16410
-9077 -47417
33965 40296
-19742 44762
22961 38361
55433 -32034
-33356 49255
-41528 -51725
45049 -26061
22895 -56615
4525 -45324
-42075 -13441
54733 -31787
-57448 -30895
27875 20815
51829 51984
-7817 10566
-8650 1639
7198 -24940
52092 -28219
-33217 -3790
-16928 947
3630 -29114
37757 55924
-60863 -10038
22950 -60095
17315 -18195
-15785 -36793
-20558 60881
-8533 -35983
57379 26220
-53618 -21966
-19063 2982
35171 -31322
-63584 -20603
-57184 -30822
-26931 7172
42978 10435
-10207 24189
59964 -53535
41375 -8124
15472 -45371
-46765 -18294
56650 -61410
-44061 -42634
55652 43759
-30449 -59467
-57989 -31277
-47491 -21217
-24978 11849
-14150 10856
50351 8106
-41014 25351
46528 -59
39132 -51638
41515 40929
21994 -16835
53909 19800
195 39931
-31905 -22502
54351 4108
-53735 50079
-59578 -51449
41842 -65496
24757 61654
-7016 -9883
-63706 3537
21008 11752
-53845 51388
45310 34663
-16334 -53942
22813 40624
32138 10737
30602 -29995
-6355 -51413
43708 -49713
37510 -26682
64615 30348
60961 -10389
46324 12953
-56577 -6984
-18547 61909
-38541 36556
1238 14028
-22001 2949
48737 7100
-28803 -63036
14065 -26961
20892 -23060
59717 49702
-34999 -38036
38032 12777
16382 26084
-22303 62912
-5612 -2233
-6249 -16305
32095 40137
-44092 2779
-47720 -30308
-57371 -13145
-16693 -13583
-42337 -23355
14832 -55624
-58119 -20744
51656 -60222
29220 -32734
47472 17827
16569 -62719
-45890 -33387
3749 -46353
30776 17605
-17151 -24755
-64992 -3400
-2402 31967
-46039 -9384
30738 -3767
53760 -26896
7752 658
62909 65422
2695 39409
65237 43523
9116 -30141
45081 24511
-34209 51739
-19792 58290
-21335 7366
-24919 -61237
-51283 -44138
-58182 46306
41437 -57619
-56040 -56018
34159 -54399
41168 -49523
-61662 -25349
55430 -58801
65001 65100
-34183 -31907
-30535 -1028
-9858 -47267
31139 32622
18064 -8166
35925 -21798
56210 -3395
-5664 -61883
-62442 -56525
1233 43421
9415 -36961
-2546 44164
-19127 50348
50285 -20651
-63975 23131
9212 -10716
-29521 19840
9445 -10860
-36835 -41372
36954 -4394
-36204 -19412
8578 -29512
-7261 39430
-4409 24905
23968 -8371
-2403 3561
-73 40806
-64583 -14475
32052 50000
12442 -14276
27553 41501
54836 56363
41695 18915
-11183 7991
34389 -47112
-46489 44160
-6219 -37813
62335 -21684
26610 54526
3284 49056
-43680 -17243
-46395 1264
43140 18055
-15585 23464
-64941 56213
-37376 27964
-48505 -30155
49629 21600
35381 3805
-26278 1364
-9660 -8883
15120 -49387
-54754 15737
-17032 43856
-26143 18831
-32853 -3685
27001 -44403
14119 -64573
31926 -6830
32884 -54437
-23181 55307
-30276 769
49660 -2009
-32536 -2330
-55681 2091
-55724 48267
44871 -51201
47284 -2704
-46417 -38216
5475 -49236
-64963 58834
-44237 -43304
-18009 -50462
50758 51024
16159 -28051
65132 -35591
13079 -24147
-33905 21281
45488 -56112
-5737 -51189
-7641 -62177
-30736 12617
51716 2476
-26025 53012
26742 -60110
40867 -20374
-28143 11504
-19888 48914
12867 -23286
16505 28462
29441 -47784
-26858 -54841
64375 -19863
-55355 -24313
-2386 -49705
-44546 2142
8858 -25836
43487 -32562
-41534 34658
24766 -21388
-22355 -48057
-25824 -36370
-45457 -24451
47701 50532
-3784 60917
52494 -63494
-25575 60681
14471 48302
4169 -3176
-44375 8078
53705 -3723
-49826 -20740
-40172 27906
-60146 -45520
64260 42699
-60182 12725
-33116 -42884
-40142 -33452
-27913 -4372
26112 -5176
17156 562
-51412 -29077
-22096 -52814
-46206 -40554
50261 30124
-14194 -33187
22998 -11139
-60830 -19701
63511 36623
-51645 62167
55008 -1446
-21453 36025
47512 38859
3379 8694
55871 -32496
-18070 57606
-54025 39540
-33290 33367
-22474 -47066
-28223 -31356
30182 168
23682 -11917
34572 20162
20408 -55142
31170 -63552
60718 53455
-21440 9815
40500 -26993
-29244 47924
36146 -33773
-7602 36645
-55601 -58615
-59919 -13628
22119 -36182
-53239 -43590
-47992 28537
-14358 -46978
63739 13980
28100 -38764
-38752 42549
38220 62717
58298 27695
14044 -60144
-11197 -5828
16686 52271
-54499 33665
-22469 9940
-17619 -21334
-37774 21229
-9335 -49477
-30714 -33880
7838 29020
-20068 -30796
5239 54897
63759 56119
24049 25569
-2839 59786
-58669 3888
-29228 25310
43225 46046
-26832 8176
-47216 27151
-38108 -36099
48508 12494
27396 42574
23734 42797
49293 47642
-26891 1307
59704 30338
24785 33374
-54409 -30477
39399 42298
43438 4234
-58461 -59018
-60622 -42864
-39552 -27606
-44061 -22671
55076 -7884
-11160 11402
62911 -4864
9210 -59917
-12161 -39951
-21364 6323
41486 10671
-36003 -1595
-48312 35938
-39675 46193
53770 -39504
52188 -23373
9417 -37222
-8998 58387
-9709 -40693
-22466 -33016
-41992 26509
5456 -1767
9553 -15288
-8026 1086
-12520 41272
11315 -28913
-13149 -7047
-16470 60083
-48712 -17037
-34304 -25366
-37613 -51240
-38217 21944
53152 -1629
55302 -56228
31028 -21
-39345 -21590
-4401 62328
24024 -51444
1920 10165
18371 46315
59631 43443
5405 -3629
12322 4082
36482 21037
6023 19923
-15986 26873
-19081 2829
56191 -17630
-46422 37553
-23806 25465
12076 715
-2229 25282
-63424 17958
-55263 13548
33828 -20168
-5062 986
-33851 54904
-61046 -5631
21112 4335
47916 9621
58361 -50447
-37485 33503
21029 -18540
10590 33957
-51591 45477
-61204 -11675
23788 -37390
-36487 -14835
-11384 -47169
51181 40256
-29989 -18435
-9300 15969
-35510 60082
62799 -6386
47835 13599
9993 47051
19676 -16284
63464 28740
-26887 56150
17416 58471
7113 -11565
-12118 56476
-48762 -27128
-30886 -42994
2611 1140
-54581 24724
10588 62772
-15319 -1794
-1389 -63894
42856 8821
-23561 -48779
-25795 -10989
51019 -30461
64314 3161
-30945 -59989
-59507 42792
65147 -15238
25460 -33385
9515 17566
38468 -13524
-34928 65334
6350 54085
47716 -41371
8937 -56951
-6495 48094
13047 3885
38550 54750
-1775 -38246
3295 16616
-7026 50272
15442 -56164
60894 6664
8935 -15295
8988 -10766
-7601 61426
37801 40053
-4345 65174
-48465 -41266
-34461 36063
-56065 -32760
-2129 36859
-11463 33095
64814 -46150
37363 32565
-23876 40123
58730 4094
64028 -56449
-31908 -37649
20084 44938
-28090 -52591
-30234 48792
-16546 -23961
31411 25638
1197 8346
27115 55999
23584 -15129
27130 -54388
1160 12385
51514 -60638
-29485 63274
-30942 54520
-46695 48640
-15630 52670
8066 -30735
9806 15671
17058 52993
12528 34451
52062 61472
8509 28475
50122 24719
45375 30690
-20835 -45144
52970 -14228
-11032 63587
46176 52098
40318 22549
-63610 -18811
-36248 -6128
34865 14370
21196 30867
-40124 27242
-18656 328
-10749 65289
36392 -62176
-598 -56271
1760 -3122
43880 -14067
-63433 -47782
30299 -14883
-10681 -24699
25899 40228
-46265 54771
-37954 37826
60677 -9104
-35083 -55842
-15886 -22774
-5035 -47848
29317 20378
-52170 -16129
-18313 43350
-28342 -26573
20325 -58385
-13767 34461
64081 -60626
7288 35785
-12822 48073
-16459 -52838
20375 -29601
17238 -745
-26515 23561
15850 -48594
-57996 54100
-52048 -11761
27513 5800
-48987 32181
1451 -60900
52343 32435
-9209 19874
24970 -19967
-10740 -17240
54872 37894
-2027 -41704
30137 12556
55308 -5618
-10383 50558
-6248 13615
55947 35087
-1205 -29697
19148 59563
-15228 -18779
58590 40916
-4250 -49875
43251 6942
-50560 64258
-773 43658
62402 -23791
-4805 40013
-50292 -52266
-10093 31239
-55669 12116
19355 31577
38617 61271
-26674 -35525
-9894 -30151
53672 -60874
49487 31297
-28696 11906
43299 58436
26112 -36435
-17267 50561
26628 -58050
52004 -32083
-38128 55374
348 -16650
-40117 -11192
-20369 61688
-49030 -26938
49874 12446
61616 -31613
6219 33537
-18435 47104
-6310 22912
43520 1627
33475 -12013
-37485 -14659
-35342 41225
-43978 -47210
58646 -63961
-62508 -9202
8878 -1706
-16302 -56095
61542 25181
49864 60189
55689 -16740
6643 18828
-4226 41112
-12293 -57715
-5620 58762
23013 36646
-21424 -22226
-10074 60297
-11473 27732
21915 47430
31665 63219
-37642 32950
-3939 -12242
-18297 -13061
-34360 30596
-20843 -44705
41215 45943
-28131 475
23093 -14691
-18701 13035
-45995 -21163
13857 -55454
51733 9717
19330 20560
-57982 26481
16096 26327
64746 47467
1626 24291
-42774 9853
-14569 5301
-25254 62428
25766 -53821
-44519 -14095
40393 -34613
44524 -64276
1946 19086
-52605 30256
54519 -41950
-27377 23753
-56701 21272
-41677 31686
64671 43719
-23564 -55163
38147 32045
-37379 -26552
-5156 53655
-32352 22575
50730 41124
-14180 10906
-1525 47189
-57484 10175
-57750 61214
-33401 -34868
-2114 21728
-5062 -3986
587 15625
48697 37892
-31445 -7780
53774 -2279
55919 50680
-17938 41039
52184 32862
-44134 56763
39751 -33027
63937 -55083
61544 57828
-2291 -56497
43200 50798
41168 -12747
-50290 23018
-63554 59035
42753 -58047
-28563 33073
-56489 39387
-35483 -14538
6208 51900
21686 47698
-53054 1718
8364 40245
-8864 -26562
25066 2800
-54983 -38895
52735 29322
30944 -8076
14162 34415
-33806 -48882
31313 -29688
-48265 9901
-12413 40154
24589 49807
-23014 10687
-31370 1331
6668 5342
-53633 -13192
30522 8360
4713 6719
-61585 -944
-14345 38614
15424 -61144
-11784 -15775
-1914 -11336
51504 -19385
27509 52813
-12734 -62648
56037 60924
28861 10223
62310 -25035
38940 -53991
48012 -6103
14901 -12221
25147 -59063
-46949 -61429
4386 20730
43032 14391
5063 33457
-45298 25798
18575 -38085
57351 -20598
-12654 61161
-19273 63815
18596 -31764
-23633 -52289
31679 -35939
-19179 40983
-52434 61731
1162 44043
17486 -64810
13492 17531
55297 48004
5357 23766
-44250 -5761
-41613 -25187
-29292 -10195
-31320 23924
-21624 6725
-43495 41510
60211 55207
-5852 60537
-46013 -65533
35949 -58079
-58009 17910
-22312 1176
-64378 59791
34969 12796
-45734 58101
-17336 46228
-47307 -1491
55081 -39722
-12365 42074
9849 30395
-19505 -16760
-65332 43483
35353 -26258
29114 47460
55409 -18052
-48613 -62512
-62705 -27079
44085 32268
57825 22453
-44625 -34825
53951 51799
41490 -25050
-56184 -2647
-64641 -8339
28381 -14504
-55345 41109
52259 -23713
10226 -24007
16764 -15576
13366 -364
-36773 -44442
-48909 30809
-59812 -15876
-60961 -2941
2595 38432
-24575 -1399
14040 -51588
56949 -24224
-45352 -27043
3548 5373
30703 24571
-51529 18728
-12180 13439
-14364 -8925
-25325 -57381
-27896 37728
42836 -36884
-27940 -47797
-13591 29724
-8869 22482
22451 13786
-35452 8471
-49912 17367
-12687 59644
-6014 20488
-13566 49267
-22275 -10497
-7595 -43808
16213 -28982
-11268 -27929
52454 29430
-30988 1587
636 49296
-47073 -32807
45503 -7843
15631 -20273
-18609 -33464
-55717 57129
-55337 59250
14146 43935
60952 -64603
7099 50956
28135 -7241
-40993 48584
18699 25944
-15727 22055
-54071 -56125
27278 -43725
4045 -32314
-40707 -10542
27768 -50871
3194 10754
31343 -49275
2827 20783
21243 57099
-1640 38863
6190 -35468
41180 9246
51418 -37976
47036 24147
-35451 50168
-30637 -55406
-5656 34763
26905 -1575
-61661 -12656
-46341 -9500
56264 -29843
24993 39278
57881 -11284
60891 31082
14933 383
-56269 48834
-44264 10509
33058 28233
-35324 -3601
2618 -33602
-5669 46958
-56696 -33790
3998 54566
-4325 29792
-22623 23810
5287 17999
9559 -26802
27393 48515
-33930 -28309
29192 -20873
-15164 40507
21494 39920
32743 45364
27494 -2389
25075 54358
-63311 57874
-59612 18094
-65405 576
54899 5175
-28055 -58619
55771 -29768
-49747 26895
-65100 37562
48245 -34966
53425 44454
2951 -28341
-49405 58283
-27137 12703
1981 -58118
-37927 -43342
-50512 -64042
16544 -56797
-9862 -54381
-43013 -44170
15095 8119
-10398 57952
-52531 -64414
-12083 -913
-10460 51710
34101 43634
-57415 56424
5991 -26239
46212 -5879
16355 -53856
-54292 34619
24418 -9235
52161 -56771
-39116 21153
26976 -51624
-32870 -53793
-20044 18994
-60706 -30830
-64791 -40663
-44242 64635
-59190 22845
-4431 -48490
-22014 1163
-50299 -51739
-57165 4812
64139 3184
26729 42517
-18816 -15716
48313 -14150
14479 43777
-16487 28114
-44628 32146
-29881 60465
-6803 13392
61014 -56332
23885 47862
56480 49455
-8615 31868
17401 10883
52828 680
-1195 -10426
13943 23143
-34949 43422
-22523 -15898
-17749 -41863
-53567 -15252
-63759 8351
-50702 -60605
38784 -18840
12553 -32308
25283 -50640
46080 43391
-28303 -2298
33128 23545
22398 -26877
37783 -63512
-30349 24246
-65327 54020
-1454 -48521
54019 -26682
43800 -59284
-20241 -16191
15932 57791
-34374 31015
-54874 -49357
51245 52443
26175 -23862
37857 17336
3158 35030
-56050 -22339
47635 -61344
-47722 45293
30975 60863
-11129 35123
3894 -5979
-28448 21391
27229 14614
42115 42336
-65220 -54783
32865 58840
41131 -17157
40091 -45137
21711 14987
-52526 -46619
-47650 -7398
53833 39779
26691 30333
-9698 44685
-8217 -40506
299 -62013
-50555 -6750
18100 34346
-19434 10729
54114 -39643
63643 -10252
-26397 48289
46800 -9346
5256 -30583
38488 -38705
-18133 -23684
45960 -17259
-45637 -50552
60869 -10712
-43889 -37611
-53245 -25660
-39719 59182
-25159 -3817
-13182 33126
12120 64464
-20470 16951
81 -57352
-18989 12371
-61369 -50081
49015 18110
65334 94
3444 53017
31843 1437
64080 45834
-55867 -7100
46702 64320
18164 30744
53612 -7076
-50239 -12126
39953 31423
-32362 49069
-47072 27390
-31790 10953
-62510 -30485
56954 63589
-7589 27177
36345 -46352
-58902 19542
-30830 -31433
-7894 -33714
17718 13392
2134 -26768
48623 34766
-61019 -50177
61212 -48586
-43568 7182
-33888 12711
14383 -35957
48964 -35508
54824 -58164
-24446 21656
2341 -30404
26800 -44820
26745 -40470
-13479 39257
-58204 762
47335 -11944
1223 34485
-65517 4193
-40013 16761
7795 -55519
-18085 -14373
49154 7324
10204 -20663
-30221 -50309
59598 -41609
-63475 -64609
-7275 61422
64902 -27297
-20170 -20555
32468 -4319
5531 -57686
56666 -57653
-39432 -9799
-63318 -48393
-36274 32509
7777 -18114
29168 -23374
53058 21999
-34592 63034
-1910 -28002
41971 29721
-35332 -43107
-16391 12390
39039 -11151
42406 60938
-12943 -38558
7667 -20739
-6232 47930
56334 -61745
-42271 -58961
15578 39278
-45160 21288
-64106 -34617
-46389 -42341
43122 52457
-280 -29890
-62199 -11165
-39413 53956
22586 22051
44807 33731
16742 37000
-57929 29142
-16966 -9662
-25579 52016
-27236 18797
3565 35885
-19518 -36222
-57822 61832
19438 42017
-26143 -62144
46917 25421
6245 -47571
-64154 -57317
15846 3302
-46069 -56200
22022 -61730
36900 -31602
-4510 59495
16869 -54578
3004 -6882
65069 57374
-706 -55007
37501 -57379
42143 -10779
-31546 24915
-29401 43345
-49974 -9038
55347 -7788
-948 59121
52102 2261
-59085 -25899
27567 64469
-42025 -45638
-65192 -18024
-21652 65216
25470 -61633
14142 -55931
-14561 -31253
31841 -28441
-18249 8125
21510 53204
-37867 48980
-12111 -19383
-62480 -11735
41998 22849
-364 -14405
-2406 -14355
53725 -13331
17899 62412
1944 17375
29342 -59562
-28270 10676
-29667 22059
6740 16523
-54943 -5044
-61953 10717
56522 -37546
-57442 47716
-52113 -19709
22780 13062
42426 19374
-48311 -5330
-24856 -3691
27275 -11322
-25201 35269
23681 -53249
19246 8108
-26138 -4453
-44259 43475
-58977 -39920
11124 41861
-33573 24165
-53701 -31589
-55638 35010
21460 27972
908 2096
6603 -33927
2105 -56545
18071 35061
-56100 -14070
-272 51326
-11293 57847
7083 -10916
-6988 19920
-22531 -45220
30151 -59269
-40983 -38332
61580 -28457
-40924 54469
-42881 12750
65273 51085
-53291 29163
38545 64353
40115 52106
-50287 -12415
3581 -24898
61385 -7531
42147 -37226
-43925 48584
-47592 -12851
55285 8376
-2016 -61913
29545 -54101
6476 -43979
-22884 36743
22799 38019
-31554 63842
49996 35807
-251 57361
-43272 42304
-54861 -37774
-64121 -28804
-31602 27694
30567 -43379
-46237 34150
10025 -32872
-20628 54847
61662 -20644
49190 -54389
40577 -54391
-61234 2402
40209 -55098
-46446 55844
-42711 59819
-52202 23566
35169 -1910
-57990 24666
-40201 -30580
32680 48813
-60698 37597
-16228 -5638
60485 2565
-15789 -51426
24149 29083
16201 37753
-37846 1486
63716 -10048
42845 -34756
37403 -61615
-10808 47904
-46550 -12621
6928 38049
34566 59994
43129 -20066
-4142 53635
40098 28455
-63992 60594
-53557 53376
-64872 -39728
-50105 37734
36411 -12547
38283 46352
13522 28279
-18957 -4576
44999 -34879
18842 23219
8426 -36030
-19827 -20470
-45672 -23530
-47426 -22426
34505 -7385
-19283 19541
-52557 -14717
11579 -11261
-19860 -35091
19759 59427
-36719 54352
-20318 56505
44971 8930
-49253 15923
-6489 -8423
61190 34322
14406 -58217
52020 -25109
-4060 31409
-65258 -16159
45961 -11024
-14323 -31534
32746 -1494
-33950 -56154
49525 37814
52825 2594
20241 -25780
17729 31139
-3005 25945
28315 -44596
17042 15122
-12156 -15266
11361 -40228
-63479 -44282
18559 -20216
-22441 36699
19203 53563
-16119 -17523
23616 -40874
-34687 -32149
-51378 50891
-58552 19183
24510 -35303
64265 -64198
-55201 13915
-34883 -40215
40196 14604
-58581 29801
13856 2885
-63839 54440
-1784 41807
-21558 -46169
-59592 -50384
-34559 -14135
28403 27979
65136 4546
-30107 -57767
-27939 -35149
38339 -28220
21054 -29261
27832 56710
-2126 -35044
49210 62035
21689 42792
27463 -25482
-23629 53676
26715 -36623
6605 -48993
-27143 877
-12663 64795
14218 29870
5360 3364
52063 -64114
47095 -14345
37518 37699
-53447 47266
-51865 -18801
-53184 -34821
-42238 59842
-5246 -63521
-48609 4853
-18352 -10361
64755 27266
2668 48081
-21484 31234
-13264 12062
63513 12735
22753 -31566
16764 -31473
14670 60674
39774 -63967
32066 44201
-56421 30016
25438 727
-39052 5082
54463 -41421
-18913 -5438
-40745 -33078
-16712 23430
-61859 17050
-23616 -45812
-3246 1586
17089 58416
24581 -57826
8712 -5567
14892 56711
-20544 13082
20169 -60389
-21582 58835
12263 8487
-44911 -32167
-59513 -63643
11264 65339
5222 53462
-18058 -3791
-39020 40789
28030 -39400
-38535 18920
40361 -30620
-36395 22122
-28529 -37478
2813 -5009
40295 -32335
2859 54692
3812 -31160
31274 -55144
33803 57278
59940 34674
-41015 35724
45087 31154
2701 52373
-28296 -11163
53389 -37041
35099 60525
-13241 9712
59250 10772
5783 31137
65024 -57017
41721 -7769
61581 -38809
-40751 -57398
17945 -2521
8199 26879
2206 15719
1556 37373
-26813 -44722
64293 -32340
-28557 12406
-15265 -19516
-61401 37861
-65276 13077
-18622 50475
11122 -25499
-44999 -31663
7590 34750
-31722 19913
9603 30072
25463 -7176
14122 -14426
15737 40123
-2986 59426
17481 -47722
2363 49634
31658 12273
27385 44496
-29225 -1533
26453 20494
25609 -65479
-229 -5320
-17139 -36988
65441 15826
-35337 41515
577 63999
4563 -56361
15002 28113
-10715 15094
38891 52915
-12018 -37033
-40502 -11453
-43320 4911
714 20145
16856 -29156
50698 -3170
46552 17011
76 11261
-35472 29831
43048 -53029
49408 17886
33744 7924
-57060 25674
62718 40664
56264 43511
-9534 -63041
-64039 -15917
-23148 -22278
1535 43723
62296 3163
33350 -61870
21256 44863
-738 -47892
4256 40781
34468 -35948
-44892 -32542
52644 -18548
57704 61490
-35444 44210
63484 -55649
-63036 40875
10432 28922
-43989 -23769
-58948 10746
23634 -1016
-42266 8523
30909 -59556
38296 34325
9680 -54282
9846 -37404
50989 -62055
64493 -19618
-12095 -65238
35627 11601
28571 47963
-19629 43530
-41857 -61077
13021 -63716
45045 -58563
29992 -56129
-46399 17717
35749 41035
-53518 63163
1593 60442
-24574 42088
-60024 23027
19524 -60606
-1902 -36008
-48961 45244
31528 -17738
27925 33151
50299 -19161
-22430 -28443
-57625 6787
53471 48600
46143 -11279
-58835 -27348
44532 49131
27562 32394
-5189 35452
-42464 -19233
33944 20465
27605 -17967
44639 -30082
-32051 14540
-28821 39536
-25589 36727
-16380 -30337
-14608 17305
52591 41702
53689 -27600
30297 63000
52726 43704
49971 994
13264 -46279
5582 2908
-20353 28381
-18773 56247
-11203 44920
-20110 14305
-14562 10860
-19133 -59582
-62062 6704
-50485 -34103
-23323 32735
-62404 -82
18884 54222
-51566 -2306
-26264 63380
8271 11247
-60870 2376
26657 -51357
-22165 43637
50492 23691
65383 -40632
21270 -25311
64581 48693
47998 -47685
-30081 10872
19562 -61770
-47107 47608
-25545 59491
-57397 -44798
41584 -36138
51602 -7995
-42586 12432
-6231 55262
-20415 8385
40808 -56301
-49714 -24267
55111 58562
-18154 48806
41139 -42887
-4295 -11057
64873 42197
52807 1196
-51984 6671
54820 43639
-17225 8932
51401 -2749
-9621 1400
56628 57385
-4517 -13600
31493 47197
-12422 33661
-11927 36711
-57653 -23533
-30516 50745
-5060 -51985
3471 20154
31765 24250
45754 20828
12025 59778
29473 40800
36409 63209
36647 -7063
11969 8685
-57957 11172
37434 -34375
28521 -4077
-41475 -54919
-32981 34218
2772 43617
-3768 6183
-59190 -45631
45070 -59397
6974 -8042
-56784 3309
13836 -57710
60806 -52022
9176 49794
42291 57188
-29631 3614
-47467 -26969
-63446 25181
51026 -15922
-45218 53811
29712 21137
28624 -28949
-29766 -43196
-62825 14747
41849 -39184
55976 -8642
58663 35587
54356 -47752
58023 -38378
-25747 -34634
-61033 -62990
37523 26128
481 -41518
7947 -58987
-38053 16332
-6494 49992
-64871 -6083
-1039 41019
-64841 56927
43808 -58774
-34119 23579
10981 -1748
-23003 64562
-58690 18663
-7856 48803
5294 -18717
9607 -26467
-35913 -61118
50286 37288
16202 -32661
-16810 6406
30828 -38708
-3782 -38234
40733 -822
-5126 53787
43593 23691
35956 -21224
32782 -62621
7671 32608
-45078 34230
-18950 9086
-19077 -13635
57537 -33621
41377 -55223
31439 37773
54071 60539
-44766 -40700
60271 58577
61685 -50214
28824 -21595
-41251 25226
-24267 44801
31110 46633
-27716 35272
21090 -53280
6759 -10605
48098 -60578
47282 -51397
-46450 -10208
22804 -52076
49726 2517
-36660 -5944
24864 35961
59952 20596
12710 -39336
3640 57899
59529 -41609
56652 47913
43659 -31812
-31508 21384
31412 7880
8480 59468
-24888 21200
-5593 -44646
-59572 50641
38100 -29477
30850 -37428
-11907 -14419
40202 60492
22962 -41990
38655 19867
-10499 -27101
-28398 60538
26150 -53930
-59233 -15546
-3499 37013
28778 33426
43623 -16089
-37372 29411
900 64974
5419 12499
33558 -38657
-9790 55000
38720 -24978
-28227 36854
19872 -58113
48942 15274
49475 -22506
-62733 19423
-56951 -36666
-37897 55562
9172 -41489
23133 50485
58261 -9308
24423 -7793
-35340 44178
-54498 31621
-38263 -10590
1057 -20394
-3644 12095
43035 -20075
44291 52514
59494 -57997
11284 -25008
-36099 -43563
31423 53301
50239 6180
-12110 -8146
-64954 37093
57231 40710
-62833 9696
-12792 23533
7453 -24192
53359 -5958
-46939 22809
-3988 41235
-43369 50285
49674 -49491
47068 130
15751 30152
-56471 62474
18579 -21695
-50043 1656
-12003 -12108
-19003 -64317
38321 21220
-53021 -47880
-31117 8695
-11595 -52292
-64741 -59150
-36241 10276
38475 30571
48358 -23514
-40025 -27352
-30343 16241
34166 -64006
-13183 -150
-43317 -25991
15367 -8876
28993 38862
5282 -28118
-30903 46632
60331 31998
-9135 56393
-60911 -41693
-17175 22435
-8681 65509
16455 26873
-31371 -17976
-60818 -60810
37692 -14578
9155 -47099
-16454 15471
38063 -22030
33128 -17838
-13326 17313
-18124 3256
55896 -1770
-6526 -33218
-41280 -38767
-52590 57345
-42101 22117
-46703 36024
-32991 -21390
-34374 61965
-19974 -40697
20686 19847
-26410 -16499
-64338 -59784
-29357 -64224
-63250 -6500
-25434 1507
-49606 55269
60333 -16844
57277 -32762
-28720 -23022
7668 31296
19266 60246
30634 11362
15183 -12849
20624 62517
63626 3043
-61576 -56377
-39496 -28134
53710 -47554
30708 -46324
-17329 6064
39941 3104
26361 -24605
63919 -54782
-63585 65091
-42517 44354
-50975 27228
28469 22257
59745 -47905
9537 -45516
-7602 62573
42180 -46998
