3914
-51176 -39174
-9328 -45272
-15527 21717
-3803 -58335
45899 -35648
-735 -2645
7789 -23298
49911 -11185
-46547 51248
29707 -25590
-41699 -19599
6356 -14504
35061 -22668
-28477 -2326
2485 -46694
-48593 -14961
-58250 49090
42643 -7088
-64854 64476
-57084 -40380
25836 26054
-15915 41888
62826 -56198
-60937 12293
-58494 -3186
-28642 9823
19512 14559
-22630 -54256
33664 32098
15573 55418
46886 20095
-11614 -23914
27688 -20642
23683 58238
-12355 -59376
3478 -44892
37498 -54391
64260 -9346
-15688 -14006
53796 34127
-32112 56666
54734 46794
2978 -21306
-40560 5983
-15306 25755
-37109 19149
18245 -30388
42355 -6860
-39436 11964
-32694 -29487
18927 -21552
44956 24401
-3686 -50394
-59491 -55756
-35708 13089
-20325 60746
19656 -49573
58647 13153
598 -58170
48395 -58325
50865 -9449
-10082 49361
-11777 61201
34538 -6137
-22294 178
30047 23688
-6977 -44264
-38462 -42146
5578 9412
-65274 28838
25133 -55520
-5853 12854
-469 -40469
5403 -24221
-11251 -43413
26224 47271
51752 -1023
-50090 45470
15819 39683
17379 -10085
-42275 10657
-7658 -3538
-27012 56241
37393 52661
62195 -44111
27745 45953
38406 -3032
29799 -22439
50832 2797
-9733 58867
-3407 -28020
37747 -18460
-8838 35022
29176 52105
38582 19515
-2608 46335
-20839 -44063
55804 62840
19939 19132
-62173 49802
12019 42550
44757 13631
47911 -31122
23417 48069
-60679 -41340
60451 -28035
-4833 44272
8258 57281
-9641 36790
-28341 -52694
-48 40363
-54830 31603
29931 24565
1465 2387
-2262 8833
44090 -34940
-8630 -60565
-41295 -4927
43984 333
65343 -3474
-35217 50464
-49727 58916
-23080 -8093
-23817 -61206
-56540 64414
-32982 5646
62661 12817
-45461 35152
40959 27452
16803 -4157
539 -28617
9057 -58655
-61527 55189
58194 -37810
16641 -32465
58040 9022
49722 -20798
-25549 55723
-45699 -41244
-8736 -45487
13738 17843
-24509 45933
10712 20858
50138 -6257
21305 -27255
-34023 9517
-31375 32974
-1250 48726
-18629 45110
-21633 51172
43114 20861
53550 -49543
34232 -11735
-56161 -4732
59830 -36069
-36427 -19006
18325 -29776
15879 3240
-26431 -6359
-6995 -61271
-50095 3715
7762 10801
-57350 3294
-3867 -34017
-6880 -17534
30153 -30795
50774 -21838
-13505 -32721
-1819 -63539
65240 -22195
-42329 13931
-36514 26969
19052 34228
19357 -28443
30523 -1243
56063 61096
7531 15142
42770 -58968
-9520 -5555
5546 -4064
-29278 -805
22986 26901
60092 17726
-36601 45331
54411 38480
38816 -55568
28048 46979
-3799 61021
40237 57152
-30968 6227
4033 3376
-16303 -28865
-39464 -8918
-20740 -34412
-7273 53704
-43366 -20655
53888 54885
37080 -61319
-26227 17525
35609 -53112
28076 13923
-11545 2850
22296 24719
39757 206
55753 36198
-6408 23863
-37000 -37201
15972 -39739
15509 -58299
26496 33934
60840 -56744
-6258 -43354
20989 -19163
-60053 7101
38384 33093
21478 32113
-6016 -42531
-3273 10659
28062 33984
-56024 65021
17156 -62781
30515 -2498
62813 21143
-30266 -26543
-34223 44834
-43634 -63713
-8973 8044
29783 6452
2474 -59801
-57617 -18105
18907 30036
-56990 30098
4517 -31382
5046 35285
39166 -12561
6520 -18862
-63548 -58733
12315 52022
35910 -6684
14901 9411
-64649 29996
-11328 -14367
-17036 26766
62573 -22345
-7288 -45955
7847 15463
13490 19708
24248 -36691
13400 2277
59276 30316
19095 25874
-4427 -14748
30161 33619
2943 53628
63440 -15996
-39781 -34844
48751 16856
19765 50333
-59958 12389
50806 -18891
30011 32259
-28135 41199
10986 63633
-37337 26025
-37971 -46442
-38645 24617
-51544 -33173
10948 -20586
29057 63235
-35222 55085
-39834 36543
-20278 40187
-40067 49556
54852 1350
-33744 50071
53639 62008
2874 60591
35030 -29124
-35712 43382
-26300 4194
-22021 33155
8778 -46778
2101 19284
-6021 19845
8538 18707
-64205 17502
-57828 32306
-25080 19047
14495 -63865
24385 49103
22212 -36636
12647 43489
-43805 30331
-41124 -9538
-20207 52049
63837 6569
-51371 33064
-31769 -48412
-4343 -43504
32314 -22847
28876 4086
51002 -54976
-46530 -29262
-20242 47122
-26839 54169
-47115 30643
62971 -30500
-60239 42180
44835 1768
55842 6116
-17783 -31095
37953 -50527
61078 -38260
64874 39538
13952 13586
33819 33911
17175 -35169
64450 34640
55966 59709
-59835 10440
-39985 -35494
33380 -3219
-20443 -21436
27192 -46205
-1289 52436
-53885 21328
47979 -41358
56224 -26208
-48819 26030
-43907 -26271
-26799 -23862
9043 36016
56887 -23979
-523 -48123
-53211 -25459
24519 52551
-53953 21149
53167 -1301
-60569 -11309
-17805 16010
32235 -36865
32488 -25476
-19208 59159
-34221 14674
48296 39054
56755 -59675
-59023 -30138
14792 65195
20455 24770
-49049 -36108
49735 -48244
9849 -51560
19713 -184
43079 -55854
44469 -8408
-16293 -16259
38835 -61919
-43780 -24638
-11535 17222
-41422 -25055
31983 -61048
31633 -21925
29884 36076
57135 -57716
40547 -22873
-14808 12195
-55166 -32009
29166 -58568
-30571 17247
-64322 -4773
13374 42434
31540 -37881
24286 -61180
-59152 -47208
-15619 40201
-8235 -61505
-50645 35543
9515 10752
51639 -27364
38148 42701
-8564 -27763
-55963 -50960
-42144 -33830
-24683 52496
21862 5029
18183 -33472
-40257 -4383
-40701 24973
12140 -14426
-6767 15640
-58368 -49415
3994 -33774
-39533 -4001
-19062 5037
38669 -29105
-49646 38878
52691 -45442
-53374 5196
34168 22796
-17791 24904
40355 50021
50980 -41600
22992 35793
64340 -4157
-8621 -56755
-36853 -50454
-45945 -16846
4841 57850
34066 15515
42882 29921
46600 -24705
-40893 -9242
-18579 -45555
-6559 -24275
34571 -26143
-5187 63269
-4131 -28790
19934 40104
29343 17220
-20084 44958
37361 -64762
-23208 -37406
-59289 57572
-21841 -32829
-15282 -27867
-54750 17472
-63247 -63729
2711 -52008
-12217 41308
-165 22394
6992 -47740
20047 13483
35565 23149
21377 6934
-60099 -35399
2740 -17421
-2304 41170
31300 44043
-22674 9651
-31773 -41324
60369 31186
39313 63945
-33715 -1985
5654 -23201
-19235 60131
-29177 31227
-13802 -44253
-56468 -27603
-32453 -47579
19585 23428
-45456 33893
2417 -55267
19773 -12652
-30209 35520
12539 -48078
24376 -44281
-17956 48974
42838 24842
-9433 24972
-58772 -3681
61851 45468
59972 -53655
-45004 6993
63733 -30495
39249 60022
-2802 -51397
64670 -53066
10673 -29695
53659 -6319
64890 -36765
59547 52881
54933 -53979
58691 31294
-7824 52445
42318 35770
-53691 -51055
50822 -22321
61983 -7062
36070 -54869
-107 6550
36075 -33412
-40314 45199
35524 22532
-22960 60387
-43483 40141
-48245 -30518
4336 44114
42182 -8228
8252 -730
61323 -51884
9108 -62891
-48959 4096
-3390 22348
59050 -37796
-13572 -25355
30785 -57501
28344 61732
19098 -36666
18231 54376
63536 -20606
51260 -45561
-4954 56202
40730 -55264
50529 -59134
16424 21379
-6768 -19108
56188 -59318
-43445 54384
-57267 53656
53483 -64689
8258 8052
-26469 -40826
54772 -52370
-36738 57163
19426 -17851
1037 -23174
-10531 1558
-64463 16936
-21878 -27299
31069 4702
53977 -23379
16567 -29765
22599 37708
-51503 -20340
51590 54922
17366 -23786
-7408 56748
19291 -4777
2026 5605
5115 53080
-28313 -59172
-51541 -23110
-63819 46012
1050 17206
4464 -11254
-51142 40672
-23790 -712
45194 -42957
21913 49458
30693 6891
50688 -57296
12979 36549
-60235 41526
-58391 39833
33077 40308
42800 45439
18012 25235
-27963 -11367
31654 -2976
-39082 20434
32301 22060
-25709 -48243
58546 58390
36681 12521
-46949 -640
45815 -4418
15891 46476
31305 -49843
3327 33253
-18493 -46870
-8019 -38571
-40243 -54543
-4597 1695
49968 -10026
-44519 -54497
61247 55774
-265 27029
57353 -54753
5412 -23034
-30512 -10896
-21764 -14487
-9589 -3323
50347 42629
3886 48872
-23330 41022
-7574 59756
-27204 57429
47291 36114
47803 63068
17110 -24801
14284 -46310
45285 -26281
-3426 56661
9325 -19660
50504 2593
6351 -63926
-53776 -48294
-43131 34753
48575 5061
-49346 -11430
54232 30713
9498 -49880
-2771 -55339
-7349 -63757
63353 53499
-34434 29117
10294 -16307
33478 46760
-59593 -7902
-10273 -26572
-7445 -51126
1897 -35038
-38197 52653
41714 -63004
33955 12101
-64401 43242
-53537 -36248
54659 63484
31784 5119
-29808 21339
-65139 57271
49473 -48396
-19458 47068
-50401 -13137
43290 48709
51948 -12454
12342 -4558
44386 54884
58001 28892
13052 31061
-17273 43506
-8181 -31604
23896 49301
28597 47775
-23501 32486
-51347 36081
40997 -16221
16278 -11580
20483 -37907
-30021 -17388
-43012 61407
56468 55015
-45632 64630
51710 46224
62354 6228
-11316 -22055
-34805 40403
43843 54145
-10246 59325
53661 -21510
-4838 50363
-59860 -724
-42309 -44869
-12321 -36096
-4391 11590
-64950 5661
-23514 -64080
-17973 25737
-54190 2325
1477 35043
29049 43614
-44395 -23103
18176 -34970
57916 55209
24200 42552
41955 -11658
4527 -33200
-60180 -18735
7886 11175
-63602 -20808
38757 51226
11501 -46415
59148 331
29060 33876
64421 25160
-5903 -41425
25589 39448
-22776 -21143
-56233 31405
21247 -54697
39894 14534
35405 12018
-9766 15157
-24081 -34332
1514 -53346
20171 -57450
10865 45187
-30131 -53657
-42474 -56681
43761 -31202
-7732 -8575
45120 19877
14261 -24119
-17366 -37581
21615 -36521
-28017 -8692
-40947 49342
3636 -39657
-19749 61156
-59685 33969
9010 45320
46807 61593
-8986 6772
-31269 -55416
-31246 -3245
7340 -23570
13802 -31189
25499 53284
-47594 -47666
50079 -45703
48725 -5952
64594 46697
20725 54075
51988 -60741
43526 -59236
-30623 -1144
36397 -11118
-34313 -1563
36806 -18651
55523 15200
39820 57099
22862 -33857
-81 -15706
-13771 52111
-62020 16240
26594 18046
-9718 57297
-60944 -53067
25771 36819
-3964 12690
41542 -34403
40691 57308
18888 -31028
47412 -19200
30063 41294
6381 44730
-43383 -32589
-33667 56809
-52520 -40846
-65356 50425
-59254 55916
65038 -59365
56663 55259
21939 -25482
38901 -3714
-49073 -52849
64823 -41049
2658 15648
-9973 -64579
39627 32599
24827 21959
62292 36040
50358 27645
-5808 65450
-35676 1486
-20564 28721
45282 -3922
61530 37553
52746 -13623
20200 62289
-49231 36230
-16204 34931
31999 -12406
41372 42355
-50816 -12541
-58958 -46030
36240 10154
2868 1754
32063 -33561
-51499 -23333
111 27478
2519 15463
-56031 -29532
-1364 -5095
-62814 -3848
50250 3746
-5901 -4117
-48126 26538
64907 23456
5410 -7621
58784 -43628
4879 -57560
55728 55931
28044 33379
7405 55198
18432 40457
-19210 57647
40682 57017
34872 50489
29238 19615
-38927 29327
-29991 32921
-24142 23615
61726 -2092
-9798 -27364
18497 -20189
-62497 -23171
-34107 -19365
33645 -25792
-25704 -39950
-46188 -3981
34655 -30112
54857 -33895
-17319 -37059
16242 15320
12939 53004
-49615 -57873
-41346 7226
42732 42230
-59436 20644
31508 -56096
-65416 18374
52073 43512
-29592 -25211
8115 51211
60882 49114
46261 28158
-28303 -62045
26072 -12025
-31189 -60618
-62739 -3053
39744 -63864
-13283 38768
45714 26402
3467 25949
-59475 -63621
7804 -28172
-6983 -48044
-17899 20514
-11430 -59186
-10310 28253
14260 -28915
-7440 45627
-56436 54718
-29871 49996
36995 61238
-15923 -8774
23966 -57422
-13786 -30724
34351 -8578
51198 -38969
52947 -44683
2077 -35693
-9989 45853
-523 52490
48033 -14391
-2909 -2323
18587 30667
-1255 -17345
-52654 60251
-5744 -280
45948 57924
64860 -26220
53677 53541
-62823 21653
27928 -25654
6877 -10426
44967 57077
-31420 -10771
19145 -52479
-55740 26301
-43604 26583
7147 60972
-49933 47728
12424 -12248
48349 -58666
26923 -58501
58974 50753
37478 -32544
-9260 -60171
-23911 -30528
49011 -28544
29119 28697
-51426 -48318
28408 54814
39627 -39763
57197 -12221
5369 20396
-28550 -54072
53031 55565
58925 62851
1870 -24912
9272 15908
34318 6227
57834 -33139
-45347 -20612
9104 -60868
-58924 39172
-39216 -52848
52980 -58595
53502 62575
39543 -28589
11865 -34774
48667 60371
63265 -44993
-58488 20049
-62807 -695
45554 42117
-10736 46593
46624 15157
-11040 60884
55056 1047
-56817 -22289
515 49728
-4698 36492
-40560 58310
19556 60900
-11417 59981
-13637 -35871
5299 36275
-51718 -37052
2584 59451
39794 43398
-17621 38288
56491 20905
35493 -1431
-56237 19152
51756 -26045
-2230 49871
-56846 -60937
4248 -46927
-46260 37765
56529 -6492
-51197 50031
19280 -38920
38449 8669
57939 -24314
9374 -59498
-12694 -15011
-9249 -44883
21397 9136
1753 3040
-17189 55006
-46066 1409
63066 5982
48655 51545
6903 5027
-34064 11240
9518 21062
-40831 8325
-63898 -26953
54436 -27598
17421 63835
-11162 39069
-59586 -29826
-10125 45538
-12483 64472
46760 -39334
-48936 53338
45032 50129
50538 -6211
-37044 -61054
63575 3289
9285 -44710
13815 17862
-12848 -45634
17777 -9141
-36526 14560
56919 -42103
-25322 49857
31173 -61670
55265 -49738
-36032 21536
-55159 19652
34375 -65167
-8501 -6231
-47237 41252
-30605 -27182
59145 -34257
-38653 -32428
40546 25742
-8784 -14084
-19912 56972
48529 12690
-34998 4223
21400 49064
64826 55410
29668 17335
-25415 -13816
62437 -951
-62999 -8052
-33362 19324
-9873 -57512
-43432 -52105
-56893 10939
-55959 -19423
44241 59459
10 -18301
57404 20835
-34577 -44939
-37494 -44967
59016 51823
-7752 -38307
-24348 -23138
45162 33740
38790 55164
22306 -42435
59906 29599
-6543 -38062
50644 -28428
64784 1766
55411 21314
50828 15082
-20667 -53370
31220 18181
57623 17461
-53296 -60633
-57080 -30905
44450 16393
-33022 -38378
34296 -32942
20771 48740
-4424 -51413
5678 8719
-46008 -34415
-25876 6267
-22250 49487
-53509 22383
2561 38333
-34484 -17345
2042 -3025
43568 13286
3403 -46750
-52563 60119
30027 30774
-50490 -11837
9624 48715
-39885 58910
27266 29805
-36827 -1367
-6496 -20955
4004 46008
57052 -9296
-36316 -48127
62606 36797
39880 -52363
-59959 -18816
55828 -16321
-56899 -48502
-52287 -59224
-21103 5858
-5644 5442
-63468 29141
46683 -14937
38035 18429
-34580 11822
45276 11719
-36791 25995
-59382 -36776
-28845 54249
22087 -30806
36986 22377
-44473 40216
-17337 -58747
42386 2071
-34045 5749
10452 28
-28887 24214
-4813 -16632
-55370 21936
-46560 14723
-5985 -56570
62955 14228
15299 -36311
30026 21767
64505 49848
60074 -30620
44626 4514
-43037 47473
-56687 -60604
16219 53366
-38078 26610
-32502 1275
-9814 4423
26457 -1262
-941 -8342
-58716 -25489
-19041 944
23772 41083
34136 17175
-17476 -53208
24009 10718
37619 35576
-45324 35495
16358 -48744
-33288 -23253
-42649 -43178
-30874 -55070
58908 15198
-7859 46460
36252 20573
1668 6426
31554 6983
52631 51651
-44017 35350
14564 47841
-52222 -36797
-223 -49518
-11095 -33612
-22458 60618
-12213 10024
-46870 28917
-22460 57802
54243 38983
9519 -46611
40211 47449
4379 43606
25010 27638
36421 46016
-37211 26013
-20397 -54051
-49515 11168
30160 53915
-64663 29100
-861 -35749
-1283 3285
35784 -19756
49446 65178
13435 -37946
-49468 -46175
29038 62450
-27534 54959
8660 7514
-64708 -28098
28522 -60427
-57675 5008
37020 -43956
-52778 10539
56498 -48778
-33496 52172
13823 59454
27503 -17129
-23513 49290
-33853 802
42642 -58930
-23272 -37877
40679 22238
55817 60252
38080 41608
-30525 -8006
-34022 43365
-31719 28980
26411 -1493
14272 47820
37844 44113
1257 -22591
21374 17861
-57628 -10384
38435 -40084
-13080 14122
-24197 24944
-2884 64863
47877 49825
-44652 -15734
-49904 -17906
-48004 46819
-30113 1805
40756 -7126
-38400 18241
36217 -23777
28792 39135
51190 -53951
-59753 -26972
-49427 62761
-58894 -28793
-59543 -33373
-28961 -47560
-58582 499
1173 64187
62157 -52310
14595 -64203
59341 -6807
35588 -14793
52754 -11482
27446 31647
4621 62248
1933 -49269
63239 -1438
53532 9845
-19151 40770
-35941 35160
42470 -9307
-14827 32848
9611 17720
5297 -26709
36362 42933
-29617 32692
64662 -42919
-61969 -23841
17875 -36868
54777 37273
57062 -62525
-31713 18462
-20912 26768
-64434 65411
-39252 12263
-44573 63742
-50741 50980
-42470 -49012
59673 27754
34687 -39527
-45639 -29009
47099 -21076
21448 -29351
-53551 -62707
62716 30616
12670 -13788
-51333 15102
31597 -57953
-60249 -38123
-903 -45521
56686 -43443
-5485 21043
-52192 -12227
28989 40131
32098 41883
-51166 -62004
58588 15135
64175 44276
8173 55227
44329 -11031
-26041 26300
-52202 9855
-24936 234
-3425 27548
9946 -29170
25384 -41627
20943 -34518
10416 -15413
31195 48622
39113 13797
11572 -27600
-56789 -37375
-54416 -4266
39173 46447
-168 46298
-54923 45957
36447 -11477
-26929 -56685
34590 2078
21207 -13793
54514 27647
-4592 27254
-11961 -41000
40583 22731
15436 54375
28700 24522
-58229 -29807
50867 -55931
-38344 -35691
21476 10911
-41041 -34673
39625 55540
-22769 22573
-31765 -9122
24757 46647
20729 31821
47621 20700
-9598 -36760
44378 33237
-16352 46415
9738 -10241
-16592 34046
-52923 5177
-24831 -26940
6747 -44121
-6534 -33131
-65129 -30692
31842 40677
39075 44781
-49902 -62533
-18888 34939
-1719 -22554
-37061 61651
-4558 -31177
60303 -16626
12853 -61534
-4384 -21363
-38362 48629
-45702 -1885
-39755 -8961
-29797 38985
39701 -31536
-7612 20174
32277 19090
20399 23245
-2976 297
-15599 -35706
7253 -30643
-11208 59062
62452 60128
4596 19756
-22564 42712
29010 -12746
-26079 51504
58506 -46197
-59980 -3608
27761 32557
56755 -41318
-12589 47280
40700 49065
37087 -39861
-57031 28269
-3159 22694
41156 -21509
28839 27224
30647 17695
-31779 -9742
-61541 6587
8060 -41953
38097 -47370
-16909 -55249
19089 -12811
-58131 -38570
2761 -55226
4941 -33539
32063 51173
17660 42590
-30477 23997
-12495 142
-48 9293
36876 -24832
-9446 35989
30021 46990
-5548 -44458
48040 -5082
-6743 -56255
-32866 3234
-65033 63807
6180 62644
-45816 24138
40587 39122
55171 -22096
25502 -18691
15722 -32310
49776 -63042
26258 5634
50374 -177
-28777 -26183
44143 62002
-50523 -9019
-54892 -19925
-13027 -15293
53612 -64003
43524 -64689
-23828 -46916
50207 -36860
-44280 -43831
2288 60128
54362 -24046
1757 -64937
-16 -7846
63875 -41987
45075 -48702
-18209 -29628
902 -63380
12559 7864
-16719 -51056
14503 8972
-59029 28239
-22572 50953
18367 43305
-21349 -52396
-19554 -16271
-40931 -25224
-2751 31706
6864 -9551
21085 -9594
41562 21756
54389 -56404
38031 -44417
-42324 -59995
33796 59854
-54046 -44010
18222 1110
-54784 -48242
12463 51559
42834 -8097
-40157 40882
28850 31257
-62304 53611
-50706 31567
7527 -6585
-40766 30595
15618 36627
32476 -40441
-35726 15197
64760 11988
-56611 -16779
48926 26634
-20439 57729
12342 6330
61968 13686
-30892 -41519
-4963 -5527
-46570 3156
-9563 -56422
9402 -23153
-49503 -57474
-33929 -21028
-18768 -51282
11160 64904
-62506 63800
-2495 -35754
25984 -30720
49147 34147
33831 43651
-62141 -48237
-44159 -32430
-55895 37170
27184 12909
43472 54498
-50714 -31018
50095 -52500
64061 17787
57633 -52324
-23897 36115
-22953 35400
-44091 -42609
38200 -3330
-5685 37413
-19325 3801
-44999 -21055
-61834 27638
-31263 16005
602 28944
-50858 -27745
48615 64331
62900 38538
52088 45049
40281 -29144
-30065 55504
47740 7636
-33216 -46903
35454 11962
-710 12670
38523 -17186
24558 11958
-11105 30450
65429 55139
-29815 -39701
-38181 -778
-57060 47192
-36200 44769
-26223 35143
26757 -15281
268 38349
-32365 -47640
11036 -31973
61417 54172
61167 -8590
-46296 -53776
-63599 -16795
-21040 63664
38180 21324
-1934 26064
-28192 -24286
58433 -35737
1500 -21572
26336 58446
6321 -28732
29516 35972
41911 26359
-36762 33423
25741 -2695
-38617 63618
5731 -5265
-61695 -53586
17316 -57625
-42337 40553
-33121 35233
20881 42435
40714 56722
-42892 -14760
23042 9270
31775 10881
9912 2966
60014 -39853
26704 18259
64554 13724
15315 -36394
-2781 -51281
-16748 -3239
18462 56307
10310 39833
-5933 60027
-37791 -23631
-40780 55368
-61301 32142
33985 27549
62748 13318
-21911 53337
36003 53905
16800 -17960
17620 -22299
26972 -25414
-51044 48474
21116 60461
4909 33970
31972 -20900
24111 -37752
-50262 -4616
20447 14223
11961 -38344
-32715 -65427
-4382 -36018
-10461 -2477
-53756 17748
-38166 42897
22437 -17282
13014 -41798
-16208 7370
-34819 -23454
-13884 -3368
-25996 37663
-6460 15009
24732 7252
-8430 1156
34513 48558
-38071 18751
-62866 50942
-43106 39506
-61335 -4299
61192 -55638
-8727 61471
-15274 46280
-27745 6561
54074 49350
-43152 34433
40342 -46996
59927 -60220
41321 -59352
-42084 57709
4566 -23591
55165 -16383
64288 -50995
-27638 60392
-2813 -33635
44942 18093
7365 45394
8146 -56340
-20408 2625
-15993 64401
-62400 45765
40386 47161
-6846 25328
-13873 35272
-13332 -6467
54386 -43722
27722 55060
-54867 49035
-35585 -60309
-112 621
18703 -56716
-58662 -50690
18754 -1108
-41984 64545
-60418 30435
-3022 53934
58137 24665
36088 4998
-60473 25649
-35960 2539
-31442 -12611
-54320 34694
22767 22371
7591 4285
3429 8087
51488 -43843
33848 -12183
-20310 9401
-25848 31564
2854 -61291
64574 -8343
55411 -52383
-5935 -7516
-8167 30214
-1026 -9242
51840 63894
12307 -11173
39086 -28604
-37302 18397
33344 -48677
-48336 50989
-20814 32107
52744 -35962
-7034 45953
45436 15115
-40464 -28966
51081 -45856
-59387 49358
64128 -3642
-44079 20511
37854 -50301
1363 -41426
-44611 22751
37459 -33355
2948 -34055
37128 -27019
-24674 -17954
26207 14185
-20191 4035
42962 -4847
-43983 47327
10619 5274
35879 32081
-7340 -46801
-33175 63804
-27986 59904
-10408 -54375
-30702 25888
17212 -38996
-64778 53352
-3525 64539
-64840 46351
-59372 -40332
-32912 49379
-32440 -50989
-10975 -371
47314 16981
43386 -34917
336 28887
22519 -32975
-60292 45150
1925 51182
-58920 -16722
31756 -10517
26993 17048
4700 -14360
-26065 58097
40645 -51226
-45338 62023
-56280 57636
22734 -30350
35068 -21919
2972 24402
45079 -22457
50499 -19597
-47669 49265
50591 21368
-53607 25258
-3504 38862
27775 -29120
-60161 -9964
-21927 43621
28882 16266
51884 2042
-34342 53216
62788 -40597
19169 46836
-40136 34466
-16379 -52049
36814 48256
-47903 58088
26169 -44518
25536 -25370
-59080 -16747
-8509 59855
14841 -37759
-40200 -49596
-25373 34628
-28573 33434
35798 35555
-63625 -57062
43743 -44488
4034 31319
-46338 51784
-27323 13082
41833 50207
39475 54729
61939 15431
27743 49910
42947 41823
-39375 28516
53962 32608
12235 -26871
6562 60877
45884 -3108
-51890 -26324
55547 43623
-19139 37555
-49340 -18820
-2092 32119
-20124 -37573
4488 26442
-47588 37923
22499 -39420
57062 -10173
-55065 56495
15364 50666
-47125 50214
-42460 -60368
-37587 21185
-58161 -50121
50685 56875
48193 -58919
26844 -27228
-49886 48489
-255 64437
-51004 25057
-56151 61794
-25469 32886
-62080 -8730
37715 11612
-5149 10273
63637 28451
-45784 -15758
-42450 46422
626 -52264
-62805 -3031
47793 -31036
3967 -47201
-18816 -30757
-28416 32315
-28296 18427
44693 9651
-38083 -6624
-6467 -59785
16676 40034
-28296 63353
31749 -9650
-11528 29158
-23677 5810
53871 33128
-50372 -7914
44250 -59969
36155 5958
10717 5903
-46637 -52441
-37008 59082
-46008 55232
-55733 43221
64312 -36477
15674 -47049
-12396 -42665
-5756 -2669
-38852 -48258
-59613 58330
13143 4687
47058 14361
50167 45684
-28517 40012
47229 -39229
-30565 64471
10675 34342
48903 7444
-8300 58845
25337 -30506
44549 61855
-12123 -17577
-3711 -17194
-16561 63238
61811 -31201
-16047 60070
-45724 -48602
-3897 24466
-58592 -34903
-60018 -26548
57684 -39510
-57310 22174
-32417 47791
41734 42010
-64723 8476
62075 -53756
28856 35941
-42313 48859
49803 4569
-32003 51689
-7814 -57029
10791 -39877
-53583 -5552
-10513 -31952
-50420 -16282
32136 1513
-43178 4042
13735 -50298
53094 -19156
-36107 46005
27860 -7644
20684 59421
16290 61784
34498 30036
52365 57681
49530 62395
34443 -39734
62501 10328
-13466 21498
18141 -19958
-50666 -63905
-26879 64272
65399 -9553
31471 15406
-58296 -33407
-45931 -56880
55725 311
1986 -53733
-780 -27670
63102 56117
-14576 -37940
-41627 38546
-26381 55487
-22923 -32851
-58777 38731
39365 41327
-18100 14467
3821 3852
-31348 -1463
-19242 -4861
-49933 15877
38921 24943
-23232 -13463
20524 21161
-257 -44439
-28512 5500
16479 -7453
-14069 -57140
31696 -32503
62707 14209
22364 30007
18328 38808
12323 -48790
-45253 2974
321 -10330
-53799 -33912
-44240 65388
-5861 -39474
19202 -18064
-7064 6244
-26295 28582
56648 53990
-18374 52227
-29308 18635
-24504 -21081
63396 -62514
-34275 33217
-52934 14861
-35552 38226
-34733 34507
28142 -4262
-44711 57722
-2776 12085
32339 26119
4410 -17611
7767 56869
59781 11841
-51523 31810
23308 -48234
19832 19412
-63342 -20378
-27836 30507
-3634 -57562
-20289 5528
8881 -53928
-63195 17037
-22849 -52625
-15221 -29168
739 -61337
45077 -10034
33769 -2316
21081 11529
8295 54721
4846 13719
13945 22851
13733 -48452
-10208 -55008
19159 -24046
55760 -49035
-38271 -25776
-35050 45235
-53314 16343
6284 -64204
-35719 -45308
55776 -46277
40483 53361
-33410 11922
46299 31677
-59665 -61888
-9946 -53273
-7636 -21403
16522 -45875
-24972 -20068
-44366 6437
-41982 57570
14627 -13776
2398 -54562
-65334 47981
62501 -5129
19815 42349
-56321 -43134
9515 -32342
-34857 55248
41517 13314
-55536 64102
-57765 -56067
-45600 -50673
-55775 64039
62242 -58425
58747 51345
-39344 65046
-20297 22042
64938 25380
-48230 14668
51788 32204
-20774 -13279
41391 -10372
35221 2260
-4941 -46349
47760 -54570
-52497 -62092
-54625 -47477
-26500 -28937
-57349 60397
-2441 -26953
160 -33737
1179 58218
32587 21325
-5346 -5660
-28919 25482
-29224 35421
-37716 -10036
33261 -59924
-57122 -28840
-38180 -12135
13731 48940
55253 -17083
-34749 -59173
55069 -38833
3434 -60832
-31052 34302
29904 -48696
-48254 -33382
20430 -33562
9631 -30726
-57726 25506
59187 -40384
417 896
59005 44663
-1296 -10807
22006 24340
33332 53745
27488 21196
-30665 50542
56632 -63523
23579 -41108
60880 -456
-44426 29279
13260 45138
-4706 -6386
57151 4526
11468 -13660
-3596 -29408
52295 -39275
26378 -20097
58049 -43513
-5224 -49100
-28742 -51977
50338 58264
-50091 -56333
11997 -15520
-9436 -23068
18584 -60299
1424 -37818
-40743 -61158
24260 23701
-1291 59298
-2829 -57138
367 55011
55528 61886
652 41154
-54254 -38629
-43629 17777
33063 37556
38455 19710
-38881 49833
-18392 10698
-18837 50701
15998 30346
52509 30004
13022 -25463
3662 41604
-47351 9910
-5281 44939
-26613 23376
-32113 19079
27249 25594
59031 -49123
49953 35995
-64420 56122
-40647 6410
-24406 23307
-57366 -8694
-59406 19587
-51602 54496
47763 -54461
38620 26232
-61570 -12144
64287 -48837
42386 34769
-29548 38757
46255 -24908
35130 -6356
-734 -42225
57822 75
-1278 19096
25757 -22377
-63167 -14173
53206 8512
62314 -7115
-58144 -26909
-5069 13357
46878 -22601
-20738 -49467
-62998 29545
62568 -1203
-2158 6744
44434 56520
-28275 -25241
-9287 -45368
-153 20867
55607 786
11256 25415
40039 -58300
-38163 10626
-6527 6750
37942 53732
5702 59292
17265 -41486
51948 -64414
-7912 -19195
-54464 342
-58944 35159
49879 3331
-2822 -407
-34653 609
13137 -25417
-34307 20316
13510 62404
9942 57171
-22505 41526
56515 -63952
13003 56527
-43704 -4099
-33021 -61557
39427 -1328
48357 -23805
27796 9832
-53251 -53252
55370 7386
12752 -21929
-56484 -43714
28436 -41600
28325 7019
-39601 -2214
40047 38606
-48408 -5575
-44797 -32174
-17267 7561
-17780 39897
-13817 -38768
-3462 -46582
20605 -39825
43118 26970
120 26565
53316 62453
-52038 33795
56654 -49324
-44637 -17596
60550 60921
17090 25866
-10421 -47269
20094 -49051
31465 -38970
-3719 50089
65087 33919
41291 12314
-36302 -30282
-1493 5352
16350 -55303
-9378 53398
17840 56673
-39672 -53749
3087 -44284
65026 -9506
19602 -18783
-1119 27866
28839 32795
34996 25546
-45691 60427
-58248 -45232
50432 43853
25657 -38606
-35213 -41146
3980 -47716
-31646 -7642
28964 -43402
38612 8578
-52702 10237
8529 -474
-26603 11578
60958 42199
-37626 52289
56475 -42443
50827 25394
37680 22890
-7416 17104
9499 -14089
30319 21123
-23446 13043
59034 10619
27586 -14917
-1497 -41757
-23669 19286
-62613 59257
5148 -47710
64330 -47422
-21556 -20608
57003 40864
-30269 -64167
62093 18753
38622 45864
-54862 32454
-31758 -49370
-16471 38259
-24691 42656
-54282 19250
5392 5261
4033 11874
40920 55220
-37411 -4406
34418 -28154
-58712 25582
-60074 21594
32596 -62698
50763 33929
-19905 -4370
-43881 21282
33490 40852
38061 10218
-9233 -65103
37799 10803
-39727 -11233
6728 20494
-32344 -7526
32888 -37598
-10722 -24155
63760 -7374
-4917 14802
-47326 -8857
-18737 61591
22108 34999
-15150 19163
-17841 757
-10588 -18514
40379 21705
-2925 39231
52418 -34998
-64525 33605
-2134 38265
-56993 -35440
35481 -63591
-21163 -50384
39207 -1654
24864 19576
62560 -42447
-48238 16036
2085 16030
12807 54836
-55637 51006
60331 55750
65167 54248
9285 46931
-56689 -29808
52737 -10410
14312 -15506
-52997 -34660
-34530 38409
62550 -5961
27375 -13860
26417 34525
48694 42383
-53407 -2364
-46786 30880
29398 41293
6948 58295
-43961 -25116
23201 -29824
23100 29232
-22965 -15621
13559 1402
20209 48589
64507 30265
-2039 -11639
60061 64969
52152 -39519
-58557 -7633
-60440 44315
51227 2272
-47050 22799
54368 64179
-9902 7083
-24962 -34505
28525 12719
-27793 42254
33308 -52372
-38609 30778
59601 13735
37433 30797
10944 -45692
12999 62078
3505 9886
-8574 23215
-5511 58736
560 11382
-64204 10691
-63665 2326
-61490 52461
5382 43939
62508 -21677
15975 1526
62069 -42178
-25988 61829
-20059 45882
-6406 -33581
38684 -4087
14538 5623
-20640 30412
5507 -25043
13636 8254
-62568 -33997
-3484 -54980
-38919 -42515
32440 60255
46544 9424
55122 -45389
-45856 -12431
27056 60251
3360 -58267
-3946 13868
9684 23230
-12689 43311
34398 12121
40247 -55369
58441 -9417
-58773 -1172
52016 3877
-59047 -32864
39898 -58351
19851 -21487
6259 -50932
51408 -6602
48071 32319
17278 29483
-39190 -31729
-16224 1907
22454 -28543
-27396 -10850
21160 -6552
44322 25182
-3573 -42983
-4833 64935
62409 -42241
-50359 55877
9487 -6974
9728 53927
-22368 18863
41312 -35230
50535 -52475
-60368 15852
27306 11502
24380 41680
-12538 54314
-2856 -52104
-37708 40674
27255 14123
54589 25
24009 -44239
-33289 -50003
-30180 10128
-65531 -32423
-35356 8489
4726 -30202
65109 852
10759 22381
64929 -39452
-840 48434
-36100 23263
36524 58413
-15897 27923
58869 -7711
33785 -43188
18548 44909
-8246 27952
3478 -61043
2802 61604
52405 24965
-35874 30689
-64628 43359
-6581 -27023
-30434 60797
36559 34781
15932 49959
-41395 -11257
42298 -39979
-24359 58671
-17527 -28398
-58819 61248
41594 36735
-5103 -26882
-42934 -53136
370 -38266
-57689 -27603
-26138 65243
2552 49945
-59195 -63401
-35578 -21431
21407 -11154
-8151 46828
-36477 -38730
-55296 40998
23536 40647
38050 50144
11446 -44896
16676 46112
-41540 51175
29079 37946
24337 -57182
-14708 -20269
41802 947
35830 -1404
37607 -9081
-15343 11207
37865 -4817
-49630 21423
-1431 -45363
-65430 -37406
-47864 -13005
-5562 54714
4471 -54251
-33035 25059
-3702 46340
-28050 -22229
-34055 -38925
-11791 31612
6536 -64099
-42649 2310
-20339 30071
-7114 -9505
49823 -45820
-14860 8738
34990 -34719
7895 49383
32808 11065
-42605 -57259
-545 -46470
42587 -36483
50773 15567
-37329 -13534
-11526 -22440
31528 32492
8911 -10978
-62402 49338
26572 -53128
-34114 4727
180 -65184
-24706 49959
42389 4981
4966 8142
-31273 28157
-2668 46874
-21103 8375
42445 -7107
13724 53062
-49657 -48740
-47792 899
-57715 39205
-44305 54784
1243 -47564
50461 49598
33304 48096
21118 -27527
37106 30070
25433 -55744
54031 -30933
46925 62052
-52174 -63751
44833 52398
-10785 63036
43294 -42681
5998 -14863
35250 9594
-50607 40992
-25766 -35912
32731 10603
-40814 6893
60346 34267
-34154 -52706
50170 5459
-57028 61504
11483 -17849
12534 -35039
-3087 -15804
-16361 42687
-46048 45621
-33799 127
61144 -13800
6605 436
3877 -21154
-7900 21947
43817 47518
36033 -3378
-55292 -58543
-20766 -52604
-51637 20906
-56913 -26002
33674 32971
43444 -26509
50776 56494
-3966 29320
45287 -38234
-61353 11486
25405 -19130
38864 -40687
31485 25002
27576 -2050
3096 -4132
-35787 -62505
33350 5561
23477 -54808
36445 14352
22 55411
-60992 -304
32107 53339
37915 -24455
64797 34665
-54156 33431
-37434 61392
-54123 -22039
59410 40134
-58360 2373
-25357 19887
33169 12417
55585 -8952
-36140 46377
27082 10361
31803 41997
-38024 42635
-27423 -62272
49361 8162
-33175 24732
28827 -23562
32282 -44940
-24867 63731
26993 35427
-54370 -32511
-60113 -47907
-55279 -30293
16743 1202
64626 5842
52606 36577
-20598 51222
43195 38496
-14655 -14600
52214 -24380
-44271 13157
14262 -45880
34216 -27131
-2488 9396
-12858 -62030
29888 -63568
-3246 -16535
49967 -44625
56613 -52552
20178 -22258
-12431 -19537
18113 -33963
-56840 24747
-35333 -58199
-49693 -45106
9258 55014
23236 -6897
-7096 -58571
41657 40796
-43579 44866
-5085 -57350
-21811 -57025
-45175 -49391
-53692 6893
9775 63766
-21112 6970
-7942 17128
47555 -48672
-51679 -53996
-50682 18200
-17941 -56022
13557 -58118
-46247 -5930
22961 40761
46419 -33878
-62263 57218
58025 -11325
15499 -62695
7228 11852
-53383 12705
-41493 20089
49587 -5923
-48342 47010
-17080 23958
24702 54391
-16745 -3116
10640 -56154
-45399 -60084
-43645 18478
63250 -5321
27921 24141
43834 62867
-27110 -30409
2800 -23533
2992 15858
-30497 36080
-14481 53224
216 -16627
-45063 16017
-36284 -41754
-12226 24144
-33757 -58057
-23790 -32911
49640 58609
-37699 -18220
-6858 -44936
-30570 15435
8872 6114
3673 42427
43223 -61391
-33756 60343
60665 -1881
-51186 45101
18655 41117
2645 -7285
54777 21959
-63164 22397
21285 61024
-54128 -5902
51130 18415
-7515 -35410
1092 -59139
-23022 -42781
-48213 -29102
-29580 -49774
9131 -59912
16621 36027
-43148 -49753
49277 42249
64681 57748
14326 -196
-18693 -12334
-18609 -17841
62434 -17534
31725 2810
10283 43531
-37221 9220
16383 -16443
-54675 64861
-1810 17484
-61046 -20235
36437 -31936
22935 9539
-32563 26307
-26846 -38693
39421 57001
-38375 19091
23672 -56928
-6833 33538
-64131 47679
-19296 -27077
-30962 -3333
-13175 -64623
12997 -8427
-44108 1723
-47676 18716
-15696 -54213
58555 41348
20287 -54038
-60918 17272
11383 -45321
53256 -34490
-9930 56625
-18810 -59626
51549 -38908
-32368 35913
5051 -32724
-20614 48394
-32276 -54600
-14281 -16401
282 -35619
10935 -64739
-52809 24646
-30330 -7018
-7253 242
31251 43859
39571 27013
37691 -34866
29274 31179
201 -58211
26349 37883
10213 -47223
-17060 -13213
-37769 -57107
-20668 -31901
36059 -47111
-718 -37571
44595 -28911
-13367 -64589
31321 32452
-6125 12837
-4000 -2141
-8914 -64911
24156 32592
39705 41312
-39011 -53218
-14435 16733
-34593 35200
-34167 31894
-35539 -44656
9605 25349
65452 19555
-39115 17331
-30801 -55483
10878 40769
-58021 46421
-64540 -12278
6813 15026
-35251 46485
-18683 59121
29692 7842
32422 745
27375 55471
-54663 -54796
-6169 -52612
-28669 -6423
59540 26510
-7626 -52411
33830 -33933
-38229 42613
26123 -40239
44330 51126
-17837 41372
-63394 10757
-63573 -10539
16811 -41552
-15029 -23047
26857 57742
-45283 24748
51609 -62152
-58298 -16481
-19971 -11255
21269 25127
-57504 50067
8365 9889
-40358 15924
58150 -37855
-52202 -28914
-19416 18651
10521 -38147
6224 38126
52356 -35338
50952 37286
-60832 59498
-30034 -31630
-31643 -59893
-63172 5732
-61798 15741
46499 51391
5174 4789
-53770 63496
57530 27499
42383 65035
-41171 -17272
56205 40540
-3726 -41749
19826 6483
-45430 36435
-20783 -955
24070 -38770
57436 40963
-38828 65062
41998 -38784
-23856 -34567
33903 19658
37479 15495
-39879 -8338
19507 -15458
-52746 -26391
52283 -46982
5375 16726
64331 12099
-34724 -40076
37205 12184
48551 17046
-6395 -59460
33280 49880
61220 -39218
-29325 -53626
35006 35950
-57038 -46821
13948 -2357
26341 37465
-24731 39050
-33454 -51423
-60770 10085
-43698 49444
26916 -109
47515 -28317
-37509 35457
-42841 -33043
57626 -7588
51885 -5447
-11433 60802
3771 -53102
30452 56395
19012 -56516
30328 53205
-50654 16195
-25411 29357
-5281 46184
-26915 -10220
48887 24480
-53481 -10365
48261 -53700
16746 39178
42405 -44695
35088 -7896
-48952 -37758
13729 40521
-55291 20522
49651 10854
52702 19121
22556 19130
-24095 57540
39833 -10937
-45751 37832
18486 -11146
-4844 15045
-9361 8600
13771 -43718
-11171 -12916
50347 54787
39683 17861
14459 2540
325 -22955
-16548 -808
-46816 41515
60699 -24346
27958 -18966
-22781 -16263
62152 -6817
44085 13238
-31502 -56226
10081 -29227
-17716 33925
-25872 63184
28797 -5080
-22711 19087
-23495 32401
27716 -26687
-48085 11849
22486 -61735
-23444 -25861
4947 -39808
-19493 -35361
59146 37614
-13650 11380
5080 9824
-4427 17486
-24409 33758
-41507 628
38657 -22851
-46456 -60806
-6602 -41190
-15556 -18648
43661 17816
41670 47373
6685 -22399
26634 61736
53582 -28397
36305 -28997
-16508 47236
-27601 -47039
31342 13143
-28303 14397
18433 43671
-45340 21609
19362 -8181
52330 15132
58180 -40107
-32591 3218
16787 15279
-64411 -52637
-22524 -6057
21243 43172
-35964 17872
-40880 -51556
-37969 -47420
26412 15252
23526 -44052
-20969 29736
46348 36663
-37278 -33305
30455 -26996
-15785 54401
-53524 -50380
39376 -10195
-28123 -55420
-12879 -49463
-59711 11886
53273 6370
-1324 -26698
-2050 -31348
-35386 48270
-46715 -26201
9358 56889
-25839 -36817
-45907 -32992
-34506 -31776
-59219 -3128
11475 48383
31731 -39304
54182 52864
-62327 39987
11674 7363
60720 -1060
22568 15133
-26523 -35640
-51748 32046
38665 37259
28547 -44310
888 31740
-63744 21186
-24004 -29832
-11128 37576
-17519 4979
-41934 937
-2596 -42869
-52048 -804
11177 -58761
55521 23138
-26298 -2378
-10962 -31857
-16365 -44733
-2095 23003
20316 65370
47783 14845
-11828 9250
43300 45407
58294 -60434
41707 -24961
22413 48897
-60792 -121
-46319 30954
-18575 25268
-43004 -49085
-11347 64057
622 -13209
51514 59911
-54873 -14778
42861 -50042
-3409 55190
-58421 19476
-4579 -442
-47375 -19280
-51127 25257
-41430 -34563
12418 -37337
-25986 22203
60672 -64586
55167 -10373
22273 42653
-31473 -58316
48367 -2626
4283 -42586
65352 -52788
10176 13014
-57123 -9371
56199 -49184
-28747 -17134
32347 34969
-28886 -20464
-37453 55280
-11983 59499
-24390 -20195
52196 64968
34905 -40393
-10533 46917
61302 26790
-27351 -257
53614 -12819
62507 20968
32627 -30666
35515 62259
-13213 -16524
-51385 -60908
-7437 -64919
-19413 17145
-5678 20966
-32254 -10432
-33495 -48871
48657 -65159
-12521 -26048
1625 6037
62577 10504
31072 -33255
50976 -58406
24890 59503
63759 21261
-3666 29131
-39392 -3747
21471 -38358
-42273 -14456
-49141 28849
-57352 -59962
3254 -59450
-1198 -9807
-5799 44762
-7688 27180
46585 4711
8068 -60514
-20744 6018
37802 62441
28249 38608
-39651 -58072
-11273 50437
15355 -9717
-32781 -59386
-454 55831
-57065 1516
-46761 58143
-6327 14975
44292 57865
-19706 27835
-58348 30832
33876 8477
26822 -10334
24482 -35045
12336 37767
-12026 -35463
-1984 25129
-4699 -46085
-50508 -42330
1111 50729
-24551 49808
11213 -61103
-37093 55878
-64316 57623
-25288 7252
-13432 -56362
17055 57605
-34491 -20539
-5972 -58451
64595 40375
-14125 22425
6652 58670
-37652 -50734
63259 -16233
29446 -31009
15353 -25066
16697 -6254
-30020 36637
-49362 -57866
-46373 -6798
1504 -5830
-65337 14807
-50456 -37368
7543 -2513
26069 -16171
-11406 43318
-5009 -52438
7074 -8948
-39632 50535
-12518 41250
-60840 9149
10159 -7215
55102 -28658
47981 2245
-25127 -6105
-60493 -23045
41068 58428
17812 8924
39984 59417
-1618 3609
43274 -58125
43841 -64598
24630 -3016
44928 4593
-50854 17153
-34174 48903
-12206 -15197
23030 -35052
26753 -46693
-38819 -28610
37028 -52470
-45294 -52198
-47565 -54757
43653 -64663
37400 -64465
-63614 -5477
13751 -22541
-8915 -54393
17766 -31259
37751 -52397
-49444 28413
-19905 21821
-24934 27976
-41633 48732
-61958 -26124
-50852 12238
-31612 54806
11816 -11695
25265 4121
-33187 5654
64541 12911
24288 -9448
54541 31174
-59138 30321
43141 47072
33655 -32949
-39317 -23109
32293 56523
33202 42054
-15928 -58910
-13633 -55512
-23209 22756
33176 30153
32754 -29785
-55048 -31907
29857 25804
46437 55714
-31769 -953
36634 1413
53067 19149
-36161 -46982
-42408 11048
-32846 -61579
-56375 4610
34941 65458
835 -28892
34280 36108
21211 60575
-39172 9728
-27618 27036
-158 30495
5047 -19521
-31299 21227
535 -46426
56868 40323
13804 62176
-26768 19635
37563 42399
-13785 2373
-62237 36786
-28757 -14866
16834 36172
13405 46908
63955 571
20207 62398
41319 -48865
-50130 -29553
23417 -50327
32795 -13906
-11470 -60053
5235 -44189
-30108 -30452
62690 43419
26832 -6951
63828 60564
42852 41444
-64704 -33280
43294 -38952
49564 14539
-49419 -38687
-10051 15490
-42711 3447
-11571 -46454
-54114 52618
56906 -21340
12602 -48932
44224 -53466
41178 -24723
-22246 -30263
50436 2503
-9915 19728
-7511 6944
58115 62630
-47415 17693
17355 -15353
-51484 7188
37534 12871
-3079 42262
-22181 10377
-62869 -38890
24861 -37920
-41614 11467
29113 29001
8208 16319
-2322 -51674
-59795 39776
24055 -35113
6032 -30906
27868 -25892
-10449 -45119
-6280 -28505
798 -30032
-63345 -16563
19083 26483
25132 43811
55230 58374
-62386 44933
42036 -40963
20577 -10305
-40901 -21881
21075 -20654
-11629 -27011
18038 -47967
-40552 47745
14606 -1788
26733 -6114
-60780 56662
15543 31248
16317 4861
3142 4444
59748 -23186
24558 -23876
-13338 12387
-42389 -21059
-48801 48174
44645 -6467
-63128 -28175
3040 -53282
-43555 41365
-33249 -36329
47021 -20323
-9805 -63782
-24866 18813
-65039 50904
50213 -35983
46105 -830
41260 18944
21857 24951
53793 -17472
-64762 60231
28142 12333
56163 57964
60242 5753
30211 -5459
19350 -8636
60289 63483
-38118 -56351
11913 56792
-21664 -5260
15665 42532
-14232 43439
11831 19133
-2748 62577
43845 -29726
-44869 4375
22056 -38510
3339 -2047
-50210 16646
11 31152
2517 -28988
52652 44079
-61387 -15302
-30296 46245
59828 -28372
48046 -59836
-48906 42996
-13915 -49564
-57775 27584
-48092 25065
-11121 -17771
65319 -3464
-6668 41603
-13527 10119
-28172 9447
45985 -2664
33758 -51263
4235 -34779
56739 -26426
35766 35616
57812 -55859
65517 -58205
57925 -53656
-36926 -61776
-18913 12997
-19994 35088
-61816 -35181
44408 -60706
-27891 -41892
-58813 -2960
60314 -52743
20852 -2900
2781 -3236
22723 10253
27752 -18007
49912 -39705
-25797 28328
2107 -62515
7828 -42405
-15756 -36071
-13955 32628
7207 12144
-27567 57519
23667 5484
14197 64970
35295 -23107
-3253 40143
1712 16370
-64825 -55740
-53508 -339
1881 28685
-32466 -15348
-49775 2706
-50235 27088
5227 -28567
-31357 -34058
-45199 62519
-41342 -7262
20902 20290
17848 18079
40691 53238
-55579 -30919
-33266 29306
-44884 -36598
29653 -46619
40793 6239
-10105 -40959
29101 15809
-62331 5694
-21566 -56282
27799 -54638
35064 -55342
-48463 6388
2015 36600
-60274 56417
-57789 -13245
41727 -25216
15422 62186
3574 64682
55562 -64748
-53255 34147
-36206 2052
-31218 49984
-56003 -63835
16996 -55401
16812 16016
16144 13423
30168 39848
-4173 -36082
3838 56488
-22904 -57022
-60394 17572
-57531 -14340
-24951 51383
-37596 -48783
54895 -29550
65366 -41532
56652 -62505
-15803 3490
22612 -20340
20710 -53320
-36654 34223
63900 -25498
10611 -64388
-44815 -4717
34823 18088
-16850 5135
-23652 -54131
27730 55151
-7119 -45577
-39706 2309
-35119 19824
5625 38156
62652 6022
10304 -15030
-45239 26171
-51614 54846
-1301 56426
5889 -22659
-50978 37158
-36393 52835
-53928 21111
32519 -53506
-26474 2091
38380 36636
20017 -16473
53616 -29188
58244 58583
20596 33570
21233 4545
56351 2819
-21034 -7824
29122 -36683
48382 -46926
-45467 -46351
-60545 -50359
-33219 -35562
14540 197
13597 34368
18112 50883
-37489 47152
31593 -33146
-62628 -60539
5797 -7375
-28921 13589
-7046 5816
29713 -24344
-40244 13756
37087 -21228
-49911 35755
-19186 8993
50797 63692
47622 46189
46819 -37241
-36484 19295
-28925 42437
-43544 -49284
-11097 3736
-42030 -60826
-55377 20237
-14502 35708
-51522 11455
-7528 -53194
56790 19616
33207 -18262
11185 -21544
55919 11456
-45266 29830
-21670 60332
-35753 19689
16481 1805
32546 -19301
-50806 53197
-52972 -10665
-58325 29223
-52756 -54826
-50033 48756
-36573 -54142
37492 38881
7636 -32329
22967 -57052
-53580 -7462
7808 -47658
-15284 44561
-62155 -21297
41411 44274
42608 63705
-21068 -21329
49119 -10827
61197 -14328
5975 -9358
3604 6786
-60983 -27518
-41589 -7034
-41468 -31929
45093 42813
58463 6515
63732 -56107
2944 -36995
37760 58533
23886 9969
9941 -27559
-43587 -60008
10256 -38357
-12459 -7316
29069 821
-19968 -56686
-30719 -45314
-37329 30276
37065 -48602
58873 5363
17563 34161
-5573 -18328
-16066 46494
30494 -49840
-61772 -59896
61049 45737
-34504 -35362
-25721 56782
-14086 51843
-32227 3335
30966 35837
21066 -34065
-20642 -11322
-18414 -171
6010 34618
-40410 -33107
55484 -5334
-5927 23748
-43179 52266
47790 -55936
9589 -18989
19984 -47259
11795 14082
-61006 -46418
-61436 61843
-22589 48935
-32976 -4784
28905 61451
-23868 -64276
63895 -50866
27440 -55804
-14305 7749
7406 49929
-37545 41781
38805 -17557
49317 -58757
-30458 -44860
31782 -13536
27831 -37318
56862 -65216
-62958 -44034
-36308 58461
30966 51524
-22147 54963
45124 37005
6160 44190
-32816 58807
-39920 58020
43390 45726
16563 62700
45388 -35528
-8076 55358
-40658 -13926
18214 -40752
22524 -42455
54911 -32745
38393 -18
-51095 -50516
5506 57126
-13845 -23608
-36634 23394
32807 35806
40306 49115
31223 -62386
15645 -16712
-23737 53015
-45123 -33862
-19274 -31406
-26873 58010
-30421 -26549
-27407 -41141
-33629 5268
-47909 -20745
-44187 -53178
24749 -29885
59624 -26650
-5032 19505
53059 -7521
-60870 -8983
59556 -42355
-1143 -4232
7284 -10371
14930 -26886
-29375 25187
38236 27227
-36366 30150
-715 -61055
-4903 23367
-10262 -52447
27429 -31723
-27235 -24911
-7044 20337
-30622 21272
-11879 57314
14040 -54278
-10625 4044
22889 32267
10638 38300
879 7879
10872 -6970
41439 38225
-45012 -3581
26163 -57669
-44324 -54542
45329 39705
-21180 1316
-44663 -10239
-2573 13318
-13985 -10950
-56516 1498
-43596 55170
-52184 64680
19076 -42049
13334 -6360
18537 60563
-30000 -57735
-51011 40865
-1911 7164
-47591 43716
-37131 -19684
4525 -4459
26553 9345
7651 59977
49369 -18806
46681 -57695
39975 -7141
5261 -33570
-42526 -50688
-36787 -19559
-11483 -57177
45580 -2861
-38909 27931
-29982 -13804
35745 -8332
-51248 -51437
-51198 2980
55794 -63454
41810 24028
55293 56719
-18749 4202
34552 41859
-33813 50104
-56654 -29067
55767 -3026
-29541 10739
-34724 -40350
-30485 61478
-25015 -60605
-4297 46025
42239 46136
24289 -149
-56987 -23663
-17880 8061
14997 -44993
22080 4256
56377 30030
-16653 65182
-35751 -50400
-8605 35110
-41770 -60775
15933 27989
5071 26850
30915 -51173
-40426 -38289
-33582 34830
-10462 -48641
52770 50243
-26461 32254
-57139 8940
-33267 -59742
54982 -4397
-9773 -29714
521 -45316
58384 -21775
-33576 62563
-6919 6234
-49737 22300
20113 -65348
4535 -61200
15657 -17746
8403 -12254
46268 54976
-22023 36007
59466 23653
61815 17158
-25817 -43617
-22535 3142
-27464 49303
45874 36221
-51498 49448
-30129 -57590
-33219 -63518
52541 -51918
35121 51711
-38168 -53877
29087 64342
28595 -61655
-39422 -7159
29281 -55726
-14619 62073
-11769 -20385
-46689 45528
-8855 -65244
-21419 4397
64852 25598
-64881 -59904
26485 -62995
23304 1313
-47176 -44495
27866 60315
-46001 -11634
9931 65090
-61428 17420
3658 -49515
-46440 -23435
-49454 -22581
-14943 -28885
31693 -44399
-56973 -23510
-13148 44221
38562 -33810
17517 -57145
-37855 -44000
-53751 7195
-55262 -25467
13836 -13157
9345 1225
56121 -60906
38966 63715
32533 57466
5991 -56839
4948 1851
-13259 48280
62111 -4537
-38794 -39879
-46756 10305
-32067 1382
45473 40849
57910 26415
-13569 6754
62917 -31525
-52636 -57694
19682 -57028
-19332 -61858
-32353 -19673
22592 -46772
-33551 44579
38699 20153
18172 -33950
11189 1489
-59758 47441
7404 52397
-46751 56659
-32239 27042
35974 10097
51176 46995
27707 23435
2051 -51423
-34267 -46213
30256 45333
-49156 -36289
18174 2531
-35396 -51299
-18692 -62021
9867 -59609
31264 4856
-7786 -37955
-10528 1957
10022 -52695
-12536 -58972
14618 -26415
13757 19703
-12608 38638
-14214 -21256
62510 -43339
17188 -32852
-17233 -26171
-10803 19620
-13411 15940
38221 2462
-65125 12542
28048 19067
36100 -54526
62229 6231
-13255 -48524
-25581 -32514
40402 -11284
17734 -22020
-37699 33792
52543 -24996
5637 20633
-44456 4714
-1705 22542
2798 7365
-51616 30407
-20837 59414
25820 6867
-24721 -29222
29621 -25855
6656 -56803
-40932 26097
-45799 52330
37885 55026
46197 -65154
-42166 1512
-10297 -5786
-15003 -62317
-46148 -13245
16910 50363
-28846 -3210
-55683 -6456
-28308 39212
56441 -25815
-19275 48697
37060 59531
6333 -11291
-16039 58419
13918 -50382
-43682 -61476
-7898 20863
-13353 46308
-36559 53093
-56278 -21975
-1163 -692
-40686 5983
23100 -48043
-40204 23788
-41898 -11050
52593 1905
61995 -39176
10507 -31321
26248 43351
10195 49742
24989 -50292
1981 45309
38564 1602
12827 -32420
55840 -11319
40327 26782
-33094 -51375
-60337 -61777
21616 -3013
55419 36422
50992 -17683
-27711 -61349
7420 16151
13289 14649
-37884 44100
-60683 5933
-7916 22236
-56341 13268
11426 -45358
25586 49186
-54070 51397
6901 59860
31300 8103
-47226 17185
-28538 12313
45016 -43482
292 -12063
27462 4619
38723 -38423
8262 -38367
-39101 -63359
31778 -33807
3114 -16245
38218 -18465
35769 55604
24846 -36603
25762 -24915
-57703 -12556
6425 1236
-13113 50893
-12280 5192
-31075 -44352
-11860 -29604
37312 28094
-63996 -36190
54916 41889
63274 45283
1007 -43340
-8952 -20307
619 63764
44524 -58872
-56207 64399
18512 -35393
2963 -46245
7466 56168
-31064 -40236
21050 45333
-58562 24550
-23439 36051
-56485 -50428
-22121 20104
10766 -19858
25778 -2496
7400 6007
34887 -19845
52567 -63628
-20925 -51215
-36017 50489
35505 -16407
56913 27829
-42896 22150
-36624 53214
-48158 10522
11187 -52516
-153 13824
53944 26476
-9235 23049
-16881 -5811
-14647 5216
-15639 -39058
-11126 -33937
-40640 -21809
-35421 -30239
45502 47163
19731 -10978
21268 58387
34557 -1557
27786 30735
-16300 -39802
-51800 -22293
27417 -64051
5972 -53856
-53621 -23790
52467 14152
48825 35005
-64106 -59867
-32352 -8238
8055 -57516
-62230 49491
-24702 3989
-4095 41130
43950 52255
-20884 35835
-57891 -55333
-17916 40488
21042 42308
-39533 62726
43223 -44976
20945 38973
59082 -63270
43280 19712
-39754 -28644
-26304 60098
-50736 -19115
-21602 -35184
9800 33756
-25125 35774
-58454 -54783
58641 7599
-2588 -42346
-30748 50767
-60857 -45791
48662 -25986
-31877 -41836
31107 26545
2724 51838
63202 -22145
-48183 -17148
-58446 -52217
-11275 44351
57639 37540
-10258 52930
-25929 6521
-64758 53091
21828 21540
20368 14564
11607 19635
-38912 -60143
47037 -63056
58180 24418
-22785 57057
35478 36380
-24815 32904
29216 -31004
10303 58046
45091 48845
40186 59424
56181 27741
8112 -1108
-12311 37728
-686 -49310
35624 -58607
-18939 50471
-3165 39648
54640 -55748
29413 -46393
60181 2950
25049 563
-62982 58138
-59185 -18332
45454 16818
-20577 2072
35581 -1191
4635 -11750
-47881 38294
-37451 39558
26018 -56953
62116 20699
21591 28526
-63434 62169
23574 -20522
11722 58111
44561 48904
34232 31387
-24013 39824
-2406 7313
44671 4147
26128 -61532
12618 10578
-8170 33592
42680 33823
-8097 61357
16818 54378
-34525 -1548
-59204 45245
-45886 3550
36130 52382
10552 -61246
36070 -8853
25657 -15165
7763 33536
24396 31578
-28503 22853
-19657 -65387
43188 5938
14806 -57015
-44528 32380
27885 35550
41431 -33308
65108 -13615
-27519 1233
27067 -51809
58226 34471
-5791 -61447
47895 -27564
-59495 40975
-6111 59338
64041 29989
-9623 -19030
63304 -53046
-56292 -31922
43471 16550
35540 38142
