1824
-61517 -11495
33770 -44804
-41598 9839
31696 706
1595 11246
-15172 56539
-11758 56820
34258 26607
10056 19037
24434 10258
-7059 -30040
62438 -45003
45292 -27405
-27757 7744
30122 26263
-35293 -33682
38001 -40519
56431 -40218
16817 19657
-56342 -3216
-20336 -13336
-33527 -7136
31904 -32217
5577 -33647
-21185 -49544
-53868 -42994
9813 -57992
-1703 -48227
-28955 -62833
-37170 41703
56486 57235
676 26439
-10542 64705
30879 64940
-57854 -3459
-5348 2857
35825 -41913
-48464 -60316
-30992 58946
20228 44559
-16812 46303
40517 -29310
2580 48277
-12986 64643
-13462 -10197
45288 25990
14326 21602
25270 31999
-39478 23766
-3088 49977
47648 65118
56103 -28691
-57513 17796
17696 53116
34344 22857
-51247 51445
-62979 -37827
-40597 -28142
-28079 34811
-27152 -25463
-29277 10590
-35056 -22974
56795 43514
-2727 47645
8111 -21118
14573 -38410
-57295 63773
44498 -28394
21747 -29639
35572 5070
35667 20765
-4320 64957
11781 -36389
-54097 36206
-61802 4897
5721 -29466
54538 61281
57474 -1243
14757 59498
32845 -7313
-46056 58394
1881 -63006
-55683 9607
-36563 -27863
44219 -59652
-40440 47113
31825 11844
-9266 19448
5544 32059
62985 15154
61585 -32974
-59899 56215
39336 -48298
31959 59045
-45991 -20425
41778 45374
-59106 57162
-30960 -33367
-55814 8814
7715 -64858
40466 -53362
-56777 -61982
29830 31690
-35212 26857
59943 -14109
-31703 -40006
-24605 19842
-51150 -40844
-9516 -12238
61737 23135
54207 37798
40507 52140
39764 4059
-26785 54230
-16451 -42440
-8376 55333
-59337 55018
33886 -54832
-22677 -18801
-38984 -49003
-5683 50344
57301 -60314
30557 -29297
-32962 41111
29974 21010
-13993 -21893
9957 -21461
-44666 -6928
55985 37180
57880 9472
-29093 9237
36532 16583
2277 -60501
-41478 57389
40789 64408
-2381 61547
-10818 -6133
-6496 -41868
38659 -64929
29639 46912
-12793 53491
53661 -37089
34158 -7936
-16364 -42040
44383 37115
33736 -16617
20572 -17674
26207 50986
16083 2941
-33862 16852
18219 49922
36493 -59127
35973 -16601
39652 -37996
-25843 62041
-32830 60342
45284 46517
-37763 64493
55741 6156
-39322 -46896
-19023 44288
-43568 -63770
58838 52456
-2080 -45775
-29698 -65209
-58386 22956
-14994 -20713
51795 5831
19851 34341
4899 -40597
-39425 61795
-19722 -8629
62341 32547
24799 39312
-264 56505
23290 -45239
-55770 -28692
-51972 20747
-37431 23718
-60574 12337
4346 44988
25831 -1952
4412 6546
-49279 49051
-31477 -10447
-43068 8254
25731 56918
-39374 55089
-42044 -61092
30404 49572
1075 49925
-26018 35826
60575 -56013
-24711 35397
47678 58800
39189 -37321
26168 3056
-1868 -51476
10985 -53136
16038 -31739
23272 -27650
373 -60876
34964 -48361
27329 63940
57774 48218
-34623 -3908
-44926 -30947
33983 13730
23863 -20485
25879 59546
41306 32019
62670 -32359
-6166 -42852
-24457 -48858
24494 -36946
-11333 22154
-19730 60098
-58019 53122
-26728 -4844
5658 -43274
21907 47000
-52346 1985
-5851 22985
-52560 -10559
56815 17567
-1282 36994
5587 51585
-26796 24649
-1823 44759
30500 -41345
1034 32479
-23818 -40938
-15686 -21577
27724 48111
53589 50252
-18124 -60906
-1465 -4937
35771 -53758
-39891 1471
-60976 13709
52544 58772
-13148 -38239
-5194 -13873
20536 32572
-17172 37721
15402 -45640
26713 -33604
45856 -16114
-42480 39261
37700 -62177
32817 58911
43557 63337
-12438 -63500
45614 21771
-33644 35574
61265 61925
-50295 -51906
-57261 -9289
7843 -23204
26741 -52080
3480 31285
59547 -7517
39811 -9128
-55325 19698
37562 -13805
10322 -60908
-12243 -43698
25095 -54537
-58294 -2495
47347 53850
-41816 64988
25075 -41683
58726 -36875
1069 4949
33629 21354
12886 38132
47919 -635
-5098 -52160
25361 32720
47675 41975
42045 64270
-36653 41020
-65237 45482
-18796 49898
-17553 11419
-56396 -60804
54266 -59811
-65223 -65401
33759 26247
57729 -65452
16458 56364
-19297 -24576
41847 -16856
21589 -4719
53799 27005
-25980 38901
-22572 33274
49079 -27242
34419 44416
26094 -43283
-12026 -29264
28921 -16352
54931 60988
-16353 -53946
56432 -38461
-35431 -16911
-42712 10617
-52487 61570
-3753 -46091
292 -56144
59147 -16798
67 22883
26575 -63798
15161 47052
-807 -29049
20830 19038
36265 -32585
293 47314
-22053 61080
30372 12751
42151 -32441
-20434 -47559
34278 -3235
15495 60905
25301 30733
30730 -30399
42869 48327
13852 -33938
-44211 38659
59510 44904
62136 58873
-40104 -10636
8361 -12875
-59559 -37457
56883 -26600
38434 -58829
-53689 61025
-998 63040
34268 -25916
-34122 -64003
14462 -47243
-16651 -65385
44195 -36997
-3251 -37160
18675 63293
28786 -13536
39036 -23090
58468 -56094
-62612 -44472
-14343 -22994
33811 -33459
62581 60376
22724 -49768
35720 -3167
64974 24721
62304 -29746
10228 552
62320 -36722
-46752 29264
-58257 8490
18247 -20024
-5850 46801
19495 -14653
-38644 44609
-20710 16857
-62557 32485
-34540 51246
27649 -32473
23900 -22072
-16668 -54716
-40054 15610
55860 20900
-5473 43984
60915 64793
2891 55161
17377 -53208
-29078 -32538
21956 16279
-57867 -40456
-29078 -2755
-142 -54124
18387 38994
-14309 13864
6110 -24084
4436 51207
-51315 56526
-13149 -62388
-37663 42129
-40803 46661
43731 -3907
31472 21396
4191 57225
32759 26948
26635 -50598
-44698 42461
-26369 -13712
-24711 23612
35590 44041
-30579 27412
-55167 -63172
-57914 18170
54530 -44177
30427 -46588
-65235 1892
29576 44717
-8998 -4752
14504 -54711
24246 19337
63154 48363
-46012 -28865
-22583 47131
-50843 9623
49533 -11650
54356 35836
25543 55847
-3476 -23489
-18958 -3803
-16079 -64885
62736 20030
50588 -52094
-27417 -21764
-40258 -28616
24290 58829
-8744 -64474
-22988 -35969
56388 15743
26752 61529
53209 43165
-64906 47196
20304 25632
40302 -28318
-54289 -55338
59644 -63010
-62001 46787
-16833 62884
-13292 -48125
44246 38209
-6569 -50058
47475 64332
62833 41064
6395 24285
62944 17768
-1220 36815
-20255 -19235
26438 -44031
58522 44793
25383 -49060
9213 -54286
11571 58684
7368 -54895
-2674 -47381
50017 39996
-44620 47642
2583 19344
55598 -47495
32186 -29250
20193 52402
46773 3218
9628 3596
18246 58061
-31541 21513
19305 -39766
-22752 11676
38075 2505
-21462 3644
-30280 -48658
26544 -40985
19684 -338
-14970 8096
43463 26450
58509 18533
-20311 -6044
-57237 -16310
-3374 -57528
50180 26325
32924 -53823
-3538 30833
-21358 63776
-25465 4851
59210 28987
6293 63871
-25648 -9635
-57508 -34090
33862 -56277
-19959 53500
-17524 32880
-44282 -3021
-16955 47327
-8868 -43193
32064 42261
-53320 -60018
46830 6303
-56631 -43552
-58151 6858
-99 -46193
2376 58338
-31628 13447
32823 -62889
10983 1268
-47263 -61929
-64140 28529
47609 16022
-13844 64643
1257 -5693
2138 -35676
-8170 30740
-3430 44343
-1896 -5460
-3379 56438
-26750 45797
-55443 9951
-33112 34949
-40946 -12903
64106 -3047
2519 57083
-6792 -6041
-20505 1999
-22714 -58833
-60677 -37109
-54697 51131
61577 12288
-8039 14939
-21957 -416
40087 -2813
2796 -43277
-12675 52721
29259 -626
-24076 -10048
-23156 -33428
-38949 8843
24780 -14541
57344 -12759
12387 40059
63772 6006
-7594 37482
-54737 -23272
-49734 -27878
-13238 -3251
20536 15044
-29077 -64309
10091 18384
30742 -38819
32649 32919
-26900 54496
1498 -34635
-28282 9528
46342 28486
16617 -37584
-17401 15428
2069 19506
-39389 -61039
64801 -32252
40695 -62557
10990 3213
-39990 -63010
-63031 21165
-28879 -35265
-37524 -56168
37157 21431
1234 3314
2307 44140
21511 23758
17440 439
22085 -32423
-44941 -27134
17076 38607
-36332 20006
53566 43997
10451 33303
64421 49604
31343 -20933
-50636 31244
35312 -24960
60510 949
-51664 -13802
-60894 32493
59248 30256
-45315 27653
54388 41778
-35957 16155
14058 39198
-24647 44223
-36726 37857
-37447 45061
-61903 10998
-27591 32044
-54578 -16431
42094 -64952
-6500 -51902
37852 -35899
27217 18423
-37485 37478
26703 -50417
19103 30836
-28709 60329
-57106 5066
57957 51890
9270 -34756
-14795 48738
46769 22616
-24930 27710
46116 48992
-62122 -58226
49597 19241
-57198 49657
15931 35030
-35500 -24206
-5142 -33000
63442 -18883
-13513 56268
9115 22035
41511 -29995
17248 -37567
-16008 -7995
-10623 35280
18361 37644
3534 -35663
45231 13561
34987 28630
30548 24850
54140 24139
-62816 11919
-49079 31034
61290 -54777
-62823 33961
-36002 -15382
16806 15707
-27727 64143
-48751 -7587
-5685 -33513
42593 -16565
-31010 -55090
-20881 19771
-2264 17552
-41755 52947
50143 51700
-56435 -6574
47 -19542
14062 31998
30031 -10690
-8534 59967
2680 19271
27835 57123
23909 -56552
10513 23682
-1954 42569
-37272 -43547
-48429 -15446
47547 -16407
56838 5436
23119 -16550
6611 -5552
13143 9230
-20295 39361
43192 -49955
-7954 30289
-5312 25229
18690 39325
-37107 20820
-16860 17693
3838 -20560
14425 7470
14681 21993
8087 41081
16830 5781
-1586 -32888
-7818 -53283
51217 46630
-15271 19059
-56513 59986
25513 -27588
24583 29860
64935 -36912
-21503 -56561
-28133 -20778
-42541 29992
19437 39218
22571 -65095
-30562 -35602
3901 -6520
39090 36812
19560 64258
218 -52293
-29382 -39691
-43320 15284
-61245 51307
1111 52775
-47497 20007
-44909 14314
19042 -34730
49196 -31239
-17492 23837
-39578 53407
12530 -60600
32947 -42071
-41146 -32796
16907 -43389
-30310 -21757
49279 -33572
-6482 14857
-3905 2206
44674 -26355
-41293 3061
-15732 -15142
-24914 44054
-4804 16088
-54668 52092
35658 3564
-49675 -62328
36536 40386
-33941 -46253
-25711 32484
62587 -23413
-64763 -36187
51857 52319
-8370 32873
-8994 5679
-41796 48320
-41565 64277
60379 54403
20336 -42020
-6595 33741
22675 -13089
22632 4655
46041 -27319
19843 -12776
-63243 12540
-20547 -18424
-49608 33577
13402 -36972
-27610 -46971
-61703 4935
-50312 55149
-10708 -26611
3812 9095
22636 -9664
50425 -43087
30087 49813
11343 -24440
63704 13166
-40925 7532
-13736 -10296
-7520 64839
15768 -29239
27199 3190
16632 38951
36432 1471
-50684 32275
-21009 42979
-42668 -37141
54269 42242
-55426 -41517
37418 -49954
23511 37690
18150 31507
8010 54508
32216 -35967
23257 -51262
50109 62810
-33950 -47381
-52454 -22638
34582 18996
-26486 7519
541 57742
-3284 -61350
-49320 -61614
-41354 56378
35914 34726
20824 -37166
34793 47171
53407 -25707
-32646 64236
-40520 -8845
-20856 28876
61217 19172
62894 38639
17651 426
54458 -27888
-10694 -22830
-7401 14520
-38249 -6462
9566 14225
-27918 5757
27418 39628
43806 42883
28585 -24411
-39004 11667
38518 -53775
16495 -27898
28829 -863
-44471 64349
49300 -2654
37959 -4902
29750 17058
33835 -28591
50025 -38689
-60809 20531
31990 -44697
-56204 -2601
-5024 61036
30720 -59211
41045 2602
21259 -20246
32714 -21789
-3856 -28900
-14044 41511
11319 -7150
-18883 -5761
-22160 -64964
60528 43674
35356 23765
8464 -4989
49821 7389
-1174 65142
-65317 -2403
17482 -10962
-58458 -40302
65278 -24199
4973 55655
55818 -32774
-26076 -27700
-50857 -60487
-59722 -51147
-8543 -54123
-5013 32407
-20432 -18771
14278 22324
5691 47794
-45580 -15421
-39216 -40557
-40208 2397
-25764 -41533
-1005 -15541
33285 18594
19672 -981
50169 -31772
21631 -9708
7882 -60261
39962 38855
-51087 37272
-18231 -23422
61741 -42664
47970 8069
-12381 -5262
-42417 -51134
62288 11210
-16036 -38637
59933 -37035
-62797 31435
64548 48704
-15703 -15201
10658 16335
-55115 -41979
-25317 24097
28989 23351
-21357 -37017
-63553 -17601
38381 -37030
-21632 -28953
4833 -28749
29603 -44672
-28630 -20405
61925 -4213
56587 -21879
24251 -51225
-8902 56834
16922 24175
34133 52594
-41151 27380
-58693 -12987
-25991 16626
-1566 21360
8733 -39393
-19281 36378
17727 -39593
40803 53442
-43906 50177
-54553 -57554
-47878 30444
31043 47940
-57601 33725
-23095 8248
-13268 51149
-58488 45985
-53224 -32691
-30360 -2669
-19251 4099
-20651 -64389
15397 4813
-49890 15332
-65154 -47941
-31182 -1391
15176 47312
-19056 6084
392 -8138
-45936 -14854
-51532 37573
4385 12533
25714 -37507
-18815 -4043
3654 41096
-43663 46001
-53712 -40150
-61232 -40038
-30115 -64260
22035 -972
27500 -22593
-4927 22092
52307 -8531
35971 45666
18575 28502
-22369 -7963
-38724 -54816
3885 -2939
-14973 43268
6441 5952
-37299 -13706
51428 -20763
-22215 29906
-32109 31606
51417 54372
-11662 63838
-16026 45349
7129 -49926
-27450 -39470
26215 38919
47939 37879
-15836 6156
-720 -51835
47240 -54898
-35486 -7264
5552 -28568
59691 17380
42302 -44171
16037 65414
57579 33975
29317 49212
-28532 24000
47057 24667
18076 17627
42623 59362
-45028 5283
15452 -2154
60136 -52508
-28181 -25014
7672 -18569
22505 -42676
-33267 -59330
16859 5832
-15501 31481
-63711 -35095
33910 57808
-9996 -47864
6243 -41970
13711 -1516
-35030 41145
-16376 24113
-35670 44391
33931 53782
-4040 16136
-7417 -51308
-32873 42376
-57787 -61764
-64662 -46829
-4152 -36079
8664 14953
15091 63527
35518 -11820
-58861 -6051
-13688 53556
14675 -2575
-4227 39653
-12071 46781
35271 -58408
-52867 58910
-17232 10002
57439 27738
-2468 -37692
47965 41914
-52247 19918
50169 -54879
50256 62447
11126 -10886
63172 26635
30482 36754
25474 16270
2275 -24674
6889 46258
-18403 50604
-29895 -6802
29170 10107
49296 -44335
-49966 14616
1114 -44788
-8945 34096
22312 -57076
23288 -44422
-25409 7442
-4739 -28626
16908 53620
52710 -21223
38595 -47013
6851 -3708
-11900 25364
32604 -27712
30603 -33784
-34793 -52195
-15888 -37910
13415 49836
-52848 -53254
25550 -44676
-57842 21591
63021 -12655
23140 54049
-26942 44941
59179 26084
65380 -63101
40473 -36080
980 -30814
22406 11798
47816 -32397
-60346 -11465
31994 -53851
-39554 20133
57818 -58555
11184 -56481
-6584 -28473
-22721 -28275
26770 -35027
-11723 45053
16449 57332
5875 56801
18461 -14021
26136 -51980
1830 12435
-40 -41872
7840 38063
15781 27681
-58168 13183
46110 -46447
12605 46628
-21182 -64819
-32003 52331
16141 -60120
-5652 15961
41767 -52106
-30797 53431
51711 -44337
-27839 17850
-25930 -17307
-61404 34932
-50293 -28606
52930 40380
21967 -7525
53102 609
-61968 -48432
12790 -42136
-21194 62796
54669 -20686
-14625 -40780
24903 -19414
18179 -33423
-13762 -47945
-54397 -14664
38280 57475
-53509 -17638
-60185 -56553
16775 -59783
-50554 -60387
-14086 63070
56519 41597
63070 58351
-23596 -39139
-14246 8939
-61951 23768
-39321 14307
-5939 -2002
-62323 36828
-42816 -1957
-4104 12477
17240 -3384
-27356 26766
51848 -11563
53626 -13509
44967 36908
49092 -19350
23496 -1512
56595 53432
-27388 18457
11616 -25692
-9149 -31821
35374 -32594
4939 -34939
24101 -62471
-12305 -8527
-40188 -15313
-3761 -44906
-2650 -18075
2069 -5271
32702 32673
-63777 -43076
23770 8990
-60340 54425
-33483 -3487
-21543 -61810
-32356 -2993
15290 -31500
-23494 26687
-17928 -52666
49359 -27115
-48005 -565
26038 2774
-32009 -14762
-10317 -24438
-56416 38819
47145 -42023
-24583 27174
45097 -1563
62296 -56799
-43435 11510
-11288 44136
-50134 35265
-37437 -5310
-42984 -47544
-43010 -18581
64830 -22953
-1653 -42201
-52630 34822
1847 16625
-5491 31444
10288 14828
-45642 -35324
30130 46533
38973 -50642
-12028 -26595
-20551 37575
65089 -16211
2675 -34729
23556 -1384
-25497 -44030
-44054 23823
-18362 -25694
-65046 -62391
11915 11972
-28967 62529
-27507 -16939
-57801 22648
-38152 -8354
-9104 -36360
18624 58728
4518 -37511
19201 53489
40016 -46278
-27661 64556
26582 -35131
1568 -40692
28571 26927
48907 61887
-58539 -18707
-11632 -43233
-11501 -18109
-24408 -17091
63588 -33836
12500 -35331
30154 -7936
-43696 21819
-26006 -55852
-15205 55380
-5458 -41779
39899 -28572
-12667 -27236
18973 -45676
-16012 -54024
16390 -27975
-34353 -62940
-59632 -18588
26047 647
2498 22937
-51291 9516
9304 11998
33691 29248
-37148 27762
33230 -40644
-44754 11491
-43378 -65271
-21117 -90
-36428 -46268
19495 8982
1267 16781
1003 -4443
-15391 42104
-2670 33346
-41219 38946
20249 -37032
31024 8874
-9336 5074
33455 42775
-54139 52781
33323 -35799
42670 -29784
-10667 -1340
17884 45293
-36553 52532
-64076 29260
29671 -18450
36093 45092
40275 10231
-56891 37818
29807 -12997
20223 -28161
50378 -18961
33894 62025
28368 -31373
21870 -5020
60024 -47652
3168 -47110
-42170 46698
57679 -13252
-5894 58089
11855 65387
50663 -42467
51018 47600
-54523 64384
-25107 -48110
14050 44971
64283 -55173
-927 -22948
-2758 23939
7709 -8080
-50158 -26392
-26592 42397
2319 6860
6446 32552
-49411 -27771
-7185 1694
-13488 -11009
-53191 -51414
-57389 -22617
-64143 -5460
-28809 -23864
-62659 -30195
-25882 22602
-13322 -61318
-28127 30296
44867 19623
-61347 55129
-9371 -50657
-7148 47061
17844 21471
58654 46637
52707 44627
45504 -19650
33528 38373
60291 -30563
-37708 -41862
26941 -30192
6500 -898
17333 47296
25474 59384
17871 53618
-29885 62847
10430 -37393
-65121 -24419
-33844 -816
61710 381
20741 -38627
-37555 19503
-41819 -57084
-30820 32041
-13351 14735
57354 61149
51814 -10421
-1046 -23428
-49302 -30897
-46819 -55272
14040 27293
-8741 -19511
-49535 29838
-790 -12299
43556 -28444
61261 58172
39284 57228
-15524 -30119
-11140 6142
-54656 9806
63601 -21824
28394 -31142
10801 -4774
-11165 43603
-36791 51133
545 37784
-27465 -4860
-45248 8681
-53740 -42283
-42864 51221
52666 23788
20171 -42847
50705 9933
-31436 -21049
-30412 -50766
-51894 -21533
14297 -27454
-33286 -26316
-7030 -12229
-51143 35403
26163 -30294
52735 -15947
-17233 -4034
56254 9094
-60513 6897
-15893 -33063
-44171 -9501
34483 -50359
-2076 59141
-30358 -4669
-11389 40735
47389 -63078
60 -50687
41432 -32911
54732 -17043
15628 -17917
60164 -2929
26811 -48462
4425 58497
46305 45535
-24851 61803
15263 42828
-58978 -63178
20260 36058
39097 9827
46692 14620
49037 -34057
-64611 -18480
10319 48059
42908 51558
59648 -23774
38313 -52649
-44409 20293
4852 -49161
18543 13940
-3953 -48039
45162 -8891
-28242 28624
-26087 17128
-64197 -15054
-32128 44033
29004 -60752
18960 -62333
62421 45784
11126 43972
-49959 14379
22320 9201
-56552 -61612
-17548 24539
48171 -65425
6220 -9275
38465 -9984
-37679 31982
3211 27651
25785 -24233
-210 -44099
43871 -9887
32310 38775
-59464 33299
-12596 -61641
51416 60796
61544 997
35962 52462
32068 23105
-62524 -5019
33377 63158
24098 9109
5126 -12973
-8592 -25483
-31207 -36568
-50175 -33194
23014 -38876
46198 23010
1349 36835
-24051 -54787
2018 13379
-57200 64594
20645 53554
48127 -8786
51306 47487
51953 971
-43301 -12286
-14775 64139
-16881 10876
-575 1909
-50644 47285
-25656 -47785
-53402 -16216
-19235 -20142
-64798 -11125
1077 57700
29358 -34556
9143 19257
-18586 60741
-61634 -20025
49467 3343
36178 -54861
45051 -37613
-21302 -2125
2879 -51652
-24963 -9307
24439 54890
-17808 -43687
-28371 42175
35173 28783
-32456 -59192
15415 -9412
-8463 13800
22607 8304
-6018 26290
28357 63666
12927 -42529
29761 46402
41875 59254
24544 -54123
14018 59994
59082 -31262
52274 22640
-61833 23728
42460 57858
-54304 -51141
-2738 51750
53040 21763
-21732 -9501
-60882 -21362
11002 5801
42415 56414
-13951 -18652
42560 -44945
19797 -26001
-26029 33850
55019 30851
45901 -22166
-58549 43449
6462 11584
-10870 -37698
2582 -60725
-45371 3135
63409 -11604
46166 -40836
35617 -17352
-44525 -38439
61303 37953
9803 62794
24211 -62510
45458 -8888
-51100 45535
17472 13310
-57715 33458
21243 -55771
49999 -37145
-9882 52663
14658 53588
-62800 -13289
-21210 -18038
-16826 31903
-63717 -24010
-3203 -35544
16133 40501
-48826 4705
-55583 64618
-27355 -44021
-2000 -28417
-5554 -38411
1536 -21074
-16365 -35199
-23415 34449
-58034 -59927
-65100 -9644
37976 -37350
-44818 2282
13560 -54188
-44625 -4187
-28638 17483
62306 -39836
-31224 -19080
-33853 19749
54899 -8348
44576 21314
38633 48310
25136 22754
-52284 12924
19205 42613
-42158 -22936
64022 -31434
-11427 2579
-7579 -31875
60966 -38908
36597 -18307
30156 9153
23281 8478
43671 -21547
-17262 64957
43398 11555
-32028 13914
44486 -54368
33514 38486
-45410 24727
29517 11012
52772 30263
29519 -49142
38389 -4243
5380 -32166
-40713 -6551
-6342 43806
36179 48548
50711 26555
-39040 52165
-29864 50437
65508 -46542
-49509 -33639
30812 1363
-2642 -54792
14764 -15155
-50656 50007
18585 10685
62188 41904
-59271 19421
-49239 -62336
-3749 -18769
-41445 -33339
-687 -27031
-48314 -34445
39699 60502
-23563 17109
9235 30392
52371 35938
3675 29663
51538 -34268
-16649 -16385
27880 -42369
-59273 -47501
62679 53673
-9331 -1646
62973 -12502
-16403 57330
-41642 -2655
47725 54873
-41253 64476
34460 35219
-50435 15166
4674 -40271
-17010 25492
-25560 -4391
59538 -2258
20361 -20064
-11907 54016
-16389 -28585
8456 -44152
-32269 48347
-13581 27892
48859 -53815
-5577 18554
-6342 -34923
10392 -59356
63730 -50259
56679 -33373
35271 -41784
18723 2633
15424 22561
49520 -52788
24469 58738
-16945 -37871
61413 -23342
1167 14744
-58265 13468
60526 -8057
28982 49959
-57168 -11420
-65126 55005
16997 -40278
3419 -16230
-16127 -22380
-24492 55212
-46722 9002
-13344 -53513
26137 -12707
-65488 21892
-31791 40437
31374 54694
-28534 -23221
-12486 -50354
-2580 6888
-21289 54653
49978 -21294
16625 24019
-46240 7125
64990 -42748
37192 -20370
46437 -41499
42858 61089
39888 -29234
28451 -31381
-22434 56455
53103 12019
-44337 -38078
-44938 -8755
25219 54145
16516 -48496
-5477 5398
-24549 36303
-18107 39418
57073 40202
-1937 -2154
-56375 -2816
-20549 -4988
55790 -27482
50106 -27796
53729 -37346
31040 -8629
2590 2845
-39155 8534
-34217 16633
-4164 -48344
-48901 43762
34711 -19588
-35614 -54960
-36103 -48712
824 31935
-63588 30094
2130 16467
8261 59052
46056 23768
24683 63889
11505 -45842
33243 -11010
14735 55474
-53030 31217
57244 -49330
-42738 35390
-38726 28197
23152 33326
24141 -52650
10823 38259
-65274 -19928
-2237 18597
-25893 -31575
-36832 7334
-30184 -48090
-15770 -26791
30285 46622
9886 63985
2200 -15358
-20841 -33801
49556 -54985
40170 -11256
53629 14347
-1652 -38078
4618 -7042
-39365 -27479
-27027 18425
-45656 25707
4762 40531
-52006 -42167
-59215 -48421
44386 22292
-45062 61060
-20120 16002
61446 -56319
-17079 -10501
-17762 -24284
55703 44517
-54752 63719
-2285 15635
-33540 -4719
36836 -59899
-18303 21713
1393 41108
-63165 47168
-27178 41495
61295 -36452
-11659 -61527
-33358 -29398
20775 60165
1072 -48299
-8622 23468
-38386 30711
-11109 2041
50734 -59865
30416 36784
-65146 -5594
24441 55404
-52406 -25952
52272 54053
-64469 32519
-28251 -29141
26870 3440
-50898 -57626
29558 -59716
3464 -36233
11841 56863
20341 -36769
-39871 53718
37835 67
-56504 56238
18481 22449
2147 -4539
-59140 41023
-49037 -53256
-18211 31954
64441 8153
-64370 -51303
13905 -27532
7567 43504
-43367 20483
3599 59437
42317 3270
-63177 -12680
59271 -3717
42721 -15399
-65317 -355
47804 -31018
-19850 6956
52576 -45420
-8761 -8803
12105 -18230
52464 -31083
22156 -32508
-16126 57312
-65169 -28508
42222 21195
-37068 52108
53319 -31790
46624 17614
-36616 22291
7652 -48853
16499 -18223
-25213 -62279
43007 64551
-38151 12663
6938 -25403
-112 -13888
-51655 -49188
-15687 -44514
56100 -63244
51775 -35224
3883 53056
-53056 22101
63770 -26859
42390 48907
8141 54543
2656 44656
-61110 -2790
8196 32937
5447 -40734
51307 -3729
-1157 58184
19863 -50866
21840 31888
12644 -39226
20345 49969
-56105 -46253
-12471 42550
-40039 -19412
7614 49641
-46336 63769
-45643 12301
2718 -10181
3998 39686
-2843 -27082
2926 -14980
13865 27444
-18486 -44938
-38109 -13805
41147 29831
61431 -14870
-30840 56555
2124 -58955
57925 -14992
-33452 42359
-44487 8304
25422 24401
48143 -586
37803 61726
31277 -20578
8105 15244
-57423 22020
-13518 -12103
-65293 19823
35657 41078
-61950 38425
58400 15873
-54473 -57848
-47785 4368
-1350 37040
31448 -10321
-17577 58370
64875 -29094
2118 65040
51261 14570
-53785 42710
-35526 35805
3566 -26019
64092 11606
-43374 -62668
25876 -38231
-13701 34410
-24651 -882
40174 42483
-6255 -23281
-26744 7729
-49987 12369
-54092 31942
22474 9997
-21068 -23288
50836 -42624
27135 51355
37813 21875
33810 -20887
44554 -42552
-17921 -46129
51268 63564
28006 -33457
34594 -49534
-38803 25741
-29860 62809
36164 -50534
-50025 -38541
-48453 51739
