576
-50686 65329
-12014 17253
27131 1467
6077 -30053
-48438 -7354
-48885 -14384
-64066 64479
46944 38418
63698 53149
32330 -4942
41834 28626
-21672 50968
-44312 23428
-54990 2516
-51293 -54860
-21344 55121
-17650 -32525
-41815 -26298
58545 -44484
-8587 -31560
12723 -52451
-61743 -41172
-34078 64090
57888 -11681
-39225 49073
-3869 -14415
28263 39287
-30245 -6197
61502 31966
47828 -24163
-4583 35528
-39345 32648
3961 1366
16815 28431
6683 -21285
38590 49217
53478 40841
31549 -19615
65497 10422
-37493 61642
39329 14221
-11000 -48761
-1693 25964
-62787 -31095
-38324 -20319
-36837 -20983
28210 -57959
-26580 10939
50889 22808
-554 29245
38248 50757
52011 323
-40342 -63045
55930 -35411
21597 29022
-58790 35717
-50113 -9436
7032 -1003
22976 -42409
-52051 -59521
-24736 -62314
4566 -41273
15252 49360
30820 -9075
-46217 -21466
20949 11198
-29256 -38186
-52310 19349
46903 -63946
27465 -58357
-16475 -47585
26420 -18426
2214 -28792
-60059 -1458
-22260 -28182
20045 -59093
-61580 -7874
-61197 -30036
63910 12318
64578 36763
-36221 -61056
-57891 59849
-54387 13199
62014 15105
50789 22372
-42816 -47360
-51416 8846
-46272 2508
19843 50045
36817 -29287
2861 -46325
-33511 10727
-21684 18768
-13999 43376
10285 50378
40502 33137
57895 -4789
-52794 -48371
-1016 -20977
-41799 56216
-41195 -52331
-53302 6402
5859 -35750
-12334 -29144
-30320 -22335
60803 39063
-14818 -33229
-8925 8794
14495 -12995
-57719 50630
-40597 43649
-12248 36620
44590 35187
-38279 63484
60003 18390
48488 -32355
40179 -55193
40892 22165
8446 1552
-63900 -31796
45170 -29462
52661 18519
-60783 8054
27582 2800
23573 -4630
60554 27332
50465 16195
36207 42479
4151 -52064
56697 6075
29544 -21767
36145 65335
-16922 53219
-62538 47732
-41344 10380
-39661 -14161
-51680 59366
6905 16333
40595 -27076
-22100 21137
-30561 -2321
-61749 -13994
-6802 46258
20044 65486
40232 -57726
-15059 -49051
-4567 -4402
61452 8666
6091 29387
52143 -59788
-64240 -539
-13444 -59834
59041 -55887
-56062 -28754
62792 43459
24213 19707
-19403 39449
-62527 26840
-35228 18350
23028 -12485
-7503 -60222
30715 -52244
49828 -59862
-61765 -63183
-61945 21951
16799 -22521
43597 -7990
50876 -53123
-36085 -25937
-20547 -5460
63903 -25367
-48948 13232
40379 58123
59301 -52513
29620 49470
-10373 -10331
50787 -7855
15768 26396
-3108 -7092
41413 5386
-29332 61749
9368 -41760
25728 -60995
43331 -2957
-20272 24530
27685 61489
-33763 44517
-16521 -38533
50797 32221
63666 13192
22513 -57758
41695 -10471
-64530 -34775
-63705 12893
-62899 33522
44895 32085
-47281 -34749
-6465 -65458
44372 -64555
-8278 46176
-14223 -51247
52108 -48917
7658 -39972
64804 -37779
-63579 -48683
-23081 38789
-21554 -45970
-49250 16205
54499 4093
-2228 45090
-24283 61142
-56362 52202
-23147 3512
41307 30038
-62456 3777
64336 -42178
10663 62604
40271 -5904
57924 40361
46064 -22748
-1953 63675
4704 -35084
-41378 -49486
14646 -49511
3020 16223
36095 30728
-64500 10750
25431 -32476
-11693 39690
30447 17375
14780 11482
-40669 -9555
16194 1915
-55044 56876
41982 14554
21052 861
-22835 39470
-64413 6067
65227 40201
-62143 -22550
41495 32544
45455 -30199
-6860 -2327
-50086 -20010
34828 -3634
34049 64940
-63374 11133
-60704 40593
59746 -45299
-25154 19505
-10823 -12359
55102 40601
59840 -36504
-5123 40906
45108 -57515
-38516 40444
-45287 9523
34527 -13622
-12847 -50480
-372 8441
34553 -35591
4503 -16756
-59887 49470
-30075 -26868
-44688 36112
-41793 -48676
-14905 58959
9195 3210
-45640 50336
1557 14064
-10205 -26813
21078 -7093
-42277 -46525
18481 -40459
-2544 5169
684 4181
-11995 7919
-65365 30330
-63753 34733
-57608 -39154
-54637 23966
38296 -6248
35466 -25120
-4391 -21246
-36564 -30872
-24277 57083
38524 16886
-19220 2678
55187 33804
61829 -32962
34167 50015
902 -52774
65290 -43269
650 -33836
53459 -29032
38924 -42705
-58056 913
-1246 20995
-45321 64835
-25937 16356
-9192 47996
-42246 -23485
-37866 -23260
-20584 -9840
-31582 27610
44476 15278
-20377 52631
33675 -32435
-65498 -6795
6491 -50542
-4137 -59417
60 -9815
-24495 39678
50377 -56344
39065 -48485
-26482 -6080
7928 45475
-54853 -64211
-35809 59121
13683 -30839
37459 -29073
-54235 -65275
-26609 -12951
6388 -18469
-3037 -43027
-4054 49415
-42327 34010
2055 -8125
-59883 -28387
6459 58196
-7219 42
27487 9113
-48562 57339
-45737 29594
38343 -3212
-18999 13978
33183 5542
61102 -27727
13978 63796
30281 59110
57470 48431
-46997 -7055
-63108 2821
53399 57623
-9263 -16908
-41499 10801
716 -39747
-28037 62036
-1960 -664
-57629 -26846
-8473 56446
-5915 -17518
-40312 -65172
12751 -46151
64660 -57897
-52562 49551
-65197 63319
39928 11973
-32592 -60910
65192 41202
-9204 48391
-16026 -5611
-45393 14271
12859 57839
52198 58675
-61773 52181
20243 22896
-53284 -53094
41924 -57921
-58245 1620
42074 20732
-44228 21262
16572 27004
48269 -8597
-20599 -12572
15693 -10808
59973 -2318
-61694 39649
-29702 22995
-20016 -28647
-62222 63319
-59910 1382
62403 2666
-30970 15566
-58630 -39569
-14841 -43681
45988 -15869
-17323 22173
-26743 21994
-54218 -13530
-57166 -50972
-12398 -56932
-35087 -36780
-14432 -60789
16051 -10461
53027 27288
-34952 42135
17628 -44920
22617 -22081
-27077 -36655
-23221 -58735
-15443 20235
-38330 -17245
-58883 -57202
-53910 -23937
64716 -50920
-29343 -59950
23920 -17569
25281 -55546
-903 12850
-42691 -65095
30679 -44693
-25543 54383
-63833 27800
47201 -24070
-12450 -33885
-52985 -54463
27348 29295
-29267 20644
-2669 -47195
3544 -6888
-49131 -31345
59441 -4429
-63834 32095
262 7863
52740 -59557
20866 -36568
-46457 21219
-31072 -41779
23778 -44087
-38331 -11028
17702 -37229
58012 38505
-18630 -22457
65305 -60372
14063 -60673
49266 21662
-33998 57639
30138 46202
27708 64480
-27110 -20566
-2269 16073
57160 -34461
-61328 -28743
-7441 -31097
23076 301
-27876 55323
8289 2257
-41630 -16762
-60459 29958
2868 9642
-15386 13925
39380 -22130
5475 48230
65420 -45123
-58685 -6643
47723 63537
37561 7806
-39476 44379
2531 -2954
-2582 -14381
-804 -529
-4661 -17557
-12252 36615
51929 -46539
22702 -61371
-1163 -43776
29366 -63189
62547 -17823
-10766 11752
14558 -7355
45547 -7039
-28879 -5053
-47467 -31385
-22584 17755
20029 -3381
-19109 13512
41006 -29029
24676 43916
36609 56907
-6260 -59468
-43807 33100
-6016 -8338
-33701 28371
-31843 -3469
9699 -46605
57568 -21059
41257 34329
36753 -57041
9762 18701
-15852 -44629
-42603 -22258
59416 -11536
-35918 25493
-23481 -31948
-17906 34463
-22356 58968
-33339 3432
-43992 -43365
24170 44110
13130 53156
-2268 -22793
47526 -13215
-15560 -23397
23369 9814
-60143 32465
-45267 -3896
45590 57967
-29721 -61949
-42996 47642
27693 -18224
-63179 -42748
45529 16226
-29003 39977
-17013 -3088
277 3712
-48253 -61563
50215 36195
9173 -56574
-9096 53039
50618 -37471
10498 -22914
26628 -51158
-9381 -60421
7866 60084
27182 37222
14726 -34964
-46346 -60569
61584 50700
61594 -12360
30239 53035
50570 -41272
50545 27175
-50574 -54448
-63922 37112
51420 3703
-10927 -52907
-8866 -45489
54234 -33620
58605 -56519
-40550 7793
-43770 8724
48950 -34285
49913 -33349
26028 -58762
-41392 47846
-37349 -65181
45872 -7590
-41793 39168
44367 -42290
19866 61309
51040 39924
55915 26460
60692 26748
62546 16649
2170 53749
57441 14385
31666 -51073
-52237 -61190
-53266 -34363
38537 60707
33394 62303
21219 35065
64314 -56727
-37870 -20505
54659 -18132
-25401 -26658
4478 -61649
-41792 24966
38790 27296
42336 -57972
-21497 -38608
-14308 -51370
-64639 -26038
50093 24319
-31372 -20839
