1159
-29693 -36674
55107 53762
-52613 -16893
37926 -21232
-10835 5690
37490 31580
35859 32280
1978 1321
23051 -5918
-51923 5030
-28869 20408
22053 2306
53640 -16595
-33646 -2002
27149 46211
-9764 -48801
52459 -42284
-18759 56252
36607 -64696
58198 -7781
14431 13074
-59893 -17001
17633 -37505
29233 15633
4678 2279
33517 63783
45725 -2663
-6748 -43707
-40490 -48928
63389 19695
-41494 -15347
-4772 -5983
-6491 52230
9804 48464
-14682 20657
33092 25402
-29058 31421
59941 -25362
62380 -28529
-40214 5229
-24710 -47150
-57746 -13666
42240 49260
-45801 7101
40776 34266
60470 -26756
59886 -27664
-19028 32761
61099 52988
-25183 35226
-46104 -13531
-20388 -36623
-27050 -4666
-41337 61020
-22607 7912
60715 -54500
-58304 -27346
60693 -50009
35949 -10919
25331 9559
-28890 49674
400 10000
15868 7436
-12628 64123
-55177 9242
-42460 46255
-21695 58547
25027 44712
32209 50021
18279 53225
40693 -64494
-41214 26472
-41417 60492
-4892 -61670
50184 -24945
-50565 -9986
24834 -7491
7409 15795
13787 -10335
-19655 17455
-50843 34565
24040 59273
52240 26541
-27951 -19904
-34345 2744
43273 29379
-40270 -39865
15254 4757
-21767 -53438
28529 34263
-34581 -23684
-18772 -36442
62432 35402
25740 50097
-20502 -37189
-28838 -41343
-58555 -1163
47463 40594
-2765 65351
7039 -16600
-33757 -64832
-16641 -19422
-42778 30965
6797 53275
37410 24726
-39541 52211
-49611 10392
-18463 -56836
23623 -21195
28945 23475
62454 30407
-44986 64698
51158 54674
52675 -47686
-9601 53170
-35667 -17890
22205 46575
-3757 43095
-29527 -34989
-12471 -15437
-28525 -36031
-38557 -54126
-10187 14274
56020 19404
58332 3116
-15505 51119
9862 60723
-20650 -62364
-50531 -38752
-27689 -7268
-7724 -38548
61530 -55853
-37550 7729
53504 33757
-38947 48491
7117 -37869
-65379 -53624
37804 36388
-7856 52152
4817 63969
-62515 20510
-6430 46393
1149 38112
-28960 -6403
61958 -4391
49222 46198
-48606 61777
-17248 -21533
-34306 34550
-22597 -34797
-7293 -21738
-21045 45761
-13220 39223
40274 -41035
8969 44534
-37846 41176
20980 -2826
21080 7891
-59985 -21356
-56624 35333
58179 5918
15897 49899
13831 -47637
-13567 -601
22439 11148
-30676 12956
-14431 -22260
42561 58248
5412 39892
31244 25369
26180 52146
54357 -21550
57706 -47000
-35539 -55520
-48941 42253
14332 -46052
-9946 -65066
-12213 -53974
-12233 196
-46754 -45849
-54564 16126
26683 37299
60016 -30894
-37366 63513
-65317 10411
-14884 43098
-61065 -43988
-65533 -26258
-34676 -11334
-52441 32955
-55673 -24236
63836 60894
44774 29929
-62971 -44674
-21211 6316
-47139 58666
14077 -39253
18216 59145
-46708 36501
53215 15928
-8408 -4825
16558 45575
57534 -14723
-61826 -20363
63200 43363
33425 12288
26201 29107
-24520 40243
-2720 -18283
38115 57095
37882 39579
-11166 138
-18569 -18815
51394 1035
-18814 56896
52626 -49473
35143 -14606
-50781 -48081
9922 37362
-60380 10350
-21293 44656
35344 31626
-20988 42488
-17950 -56633
5315 -64545
680 49385
65000 60205
-64995 -11966
-8323 -52169
12166 17529
-16615 -47425
-7286 -54443
38180 -39820
-10662 -4762
15260 -24829
-63630 42233
-31136 14616
-64443 4651
34807 -26568
-16225 -4439
-21718 19804
-8601 -6113
31213 -7398
-6590 128
-17375 -63959
11192 62800
14123 54407
25232 -57370
45837 3404
22833 39037
28228 64274
19766 59855
38959 53035
31771 -58099
-48685 -22571
39239 -14875
51088 -58959
-20630 5759
-35847 23318
-32973 28624
10829 -44440
33738 52224
31230 7187
46526 -5805
-35067 -18918
10292 -26117
34826 -4119
-38433 63545
-19885 -55447
22186 18186
6009 -2789
-16233 34335
38450 -50560
-41807 47375
21315 -52884
-42494 -21055
-41651 55166
-30741 64058
25903 24196
30195 -6876
34434 48065
464 -32346
-29438 -8289
-43969 -61099
-27047 -5748
-24999 -38912
6030 -38684
59488 31344
-65125 46907
-24746 31733
-54678 32517
63689 -14269
-6319 -11864
-33446 25983
45527 -21024
-31672 31166
-20582 56047
57612 3758
-52672 -4993
-51011 -62808
-25066 -32107
7480 23205
19248 -12967
22322 23416
64299 -37714
-30977 60592
-8967 -41590
20676 49029
-385 41966
-53903 -2413
-30672 -64267
3736 -40164
-54567 15054
-35408 -47464
31942 -474
-12464 18219
28740 -54186
10017 19499
-28318 -15465
53632 44983
51406 17160
8422 27012
48383 -26017
29367 -37386
-57613 -3867
-51091 14476
-50521 35086
-49456 42728
-43507 -26074
-48216 12123
32549 40450
7157 -32924
-21660 16011
-40556 4422
61925 -63586
-7366 -47711
-23233 10682
41500 43603
37360 2357
61738 -2260
-57959 -62964
65488 -24620
-2381 21826
-31949 -12287
24242 -41236
52841 2094
47143 -26262
-16767 -42937
-16157 -19609
-25919 55476
35748 36000
13392 14843
5465 -50899
22285 -34532
-9330 -1008
-40573 -12172
-45167 -17586
-9020 11489
-31666 -32645
-45388 -52028
-3367 -46578
26624 -12083
979 -7867
32787 41711
51634 36153
-32336 -40759
12337 -31217
-45586 -22565
39621 -63683
9987 14796
-63029 58895
-41246 20330
12327 -28831
24002 -63958
1025 7246
10851 -6179
54135 61251
-36931 -48991
-10281 60681
63080 40280
37365 -52211
56640 55321
19024 -58180
-11620 -45708
-1132 27736
-52475 -26568
45240 -5318
-19466 35523
-31224 -63064
-56414 30002
-56003 -14846
27520 -43742
58177 -32789
476 33709
20227 -39055
-5280 -18014
34671 -22060
-23799 11272
27410 -45142
34526 -23892
15938 -58900
17938 -36899
30677 40396
-3238 35070
-16732 12478
-33721 -10842
-54002 -47377
-29865 53457
23810 -7741
59340 -33114
14559 -13247
55460 -51872
-4740 37657
53488 -38624
59069 -34959
58981 -46602
-54826 8929
53334 7672
62410 27140
-16735 24507
10451 55398
-30781 -10984
60673 -60589
-21575 -38979
33597 -36522
-57663 -17569
-53090 53046
-54041 58611
53483 57566
-58555 -10138
44867 -62376
-35341 -32860
-23598 -15352
24121 13364
49939 15684
-20056 52747
17983 -2050
-57553 47706
-43478 36028
62002 9026
46035 -7641
56214 17727
-58566 -13678
-44726 45114
1819 17907
48601 35904
-48465 -48781
38236 -61187
-21930 51523
34849 38511
-49531 -61189
-13759 -35696
45383 -7657
44963 -26819
-39981 -50607
-59063 -55735
42298 2296
-21667 19919
29547 7082
-47645 1237
52505 -34516
64564 16299
-5317 -42903
45057 -36102
1157 56631
49435 62183
-42908 -55455
20980 47961
56853 6248
32147 45776
-10914 -11363
-40321 -16143
-28510 36908
-8234 27499
-23321 15085
29263 -50618
-8153 999
-36354 -54340
-10412 -24527
-56765 -1353
32817 -47675
47018 19884
52879 63021
-35927 -39011
18940 38649
-65207 43363
31090 -58024
-18402 -64614
16692 60071
7159 -59978
-38289 -18604
16203 -53338
11683 4751
-55421 42719
-60285 -13143
-46911 -60144
-1683 -42345
48515 -31475
-15997 27141
-3625 -37639
-41549 -26068
52443 -56418
-4188 61573
-14447 -12221
21642 52394
61851 -64035
-43732 62531
33130 -61150
-10654 -16026
34415 -33746
-61383 468
65476 -45696
9420 -9006
-432 30053
19500 -34261
-44540 30390
-8183 63391
-21197 -49094
-49976 8598
-58947 62408
-52808 -45833
44248 -40268
36247 -49985
-60651 -3780
5838 8363
53305 14746
62530 -45038
-14296 -42035
-25050 14018
-20470 58233
1817 -65498
38797 52918
-32029 14789
-39631 -32308
-38238 7606
59966 -17245
-48625 60502
6851 8175
40064 45585
-16181 35780
-15438 -3049
46236 33585
-57347 47268
27963 -24309
-44675 27258
3782 38999
-55520 -8226
-31553 -53597
-38995 60777
-45797 30523
-21230 -5626
21750 20906
37492 -51958
8763 -19134
14708 36343
50039 -50053
12304 2972
6630 -27699
-40682 40896
5512 56431
40118 -61930
1118 -37547
-4559 -34959
50527 -27951
56646 -61610
62423 -32531
-36106 -5680
24596 -45666
-39529 -8170
11548 6880
-41191 3331
-20314 21314
-56982 52472
49782 -5403
8779 -2984
-31014 -21425
47180 -63654
-17319 25407
7246 -12829
25860 -5979
1817 45965
-61247 -4906
38796 -65263
34766 8458
8916 -39774
5691 29018
-62971 13452
51032 35127
-62356 -61649
-6834 30670
23425 1370
-35918 33052
34125 -52598
-12610 57456
54438 485
48445 -51862
36640 -37093
55667 40303
-39865 -15134
20670 26963
-32111 -40539
8495 19773
-58232 -19453
-45593 54353
-59926 -56759
-42638 11035
-49652 -2013
-15817 14610
-45918 52767
-15524 40338
-32775 42939
-58580 -55554
48283 -14842
-36955 -60822
62816 -19114
45245 -8782
14044 55523
-14933 -64736
-11213 3563
60897 28899
-24740 57071
-59829 9816
607 4420
52156 -20478
63533 -6003
52189 -31990
-56282 -14331
-49222 5434
-20534 -9964
31483 357
55452 26816
6143 15789
8802 -15842
-55531 -29366
-8033 -21398
52888 38938
21311 -61924
24719 22154
-61427 -18925
13502 -57324
-24757 -22802
15467 -59677
24241 -64318
63752 -26516
-44136 -11410
1862 47394
7236 -49419
-19555 -58623
-59681 -47064
-3791 -13030
36540 19514
54611 9829
-46452 19124
10211 32008
-7304 41856
-14787 -9701
-61600 40441
49883 25456
-23653 31767
34843 28694
62395 -373
26222 -15952
-30477 25335
-832 42835
22860 -38212
3404 -14200
10380 62911
63078 57978
14342 -47496
-15045 35304
-53140 63267
-4941 -38815
8318 61612
-63168 7985
48270 12897
36755 32963
-36159 46811
13729 -38960
-10577 9182
-56855 3131
34910 27112
61335 -4799
-32961 43647
17437 44239
-11792 -50591
-8139 36051
-1669 6805
12558 50604
-4015 42695
-62500 40903
-56922 -24670
61005 23779
29744 14868
30631 -37807
36594 -39684
54546 -27258
45241 27021
-8292 39357
5283 -54373
-62554 33414
38589 17790
12792 24402
-41151 51050
22153 -50638
-17622 7447
-51425 -53207
11727 23552
-8129 -6457
-38040 -41999
-7356 -10843
-47102 24037
31974 -33070
34949 -57927
-46682 -22834
36267 -47928
-21733 -16717
-13210 34552
57880 -39732
-63885 45217
29142 27665
3560 13702
13590 -15088
37678 -27423
-21498 31357
58632 -52504
49768 -13115
-37493 51241
-14677 3099
-48162 2452
23233 16621
-33501 -23773
-36283 -51023
-40235 -37081
-33766 -65228
-7704 -31704
-24945 -24045
-48304 -32280
-18070 -49923
22704 56078
12470 -4046
-11130 -15261
-51321 -51526
41656 -33844
-48663 -8838
65478 -44736
5398 -28840
16856 -27650
-34564 -29943
-15157 -59896
-50017 -63611
65091 -7906
50063 -22389
5333 -57434
-28336 -61239
37531 39402
-59256 -3196
46457 -35397
-15722 -45880
-10217 -2626
-30116 51658
2795 6925
16661 18793
57623 36245
-3560 9867
44602 64872
17830 -35317
13599 -46343
-45247 -36099
-58490 -2201
-50718 65007
10903 21847
41937 33667
-25612 -62657
-21543 -16540
35610 51832
23020 58058
-37588 -62327
21388 13608
-58937 48282
38834 13412
-26141 24699
-40397 24271
48485 -42957
19056 -19070
-55057 -24602
-44176 51857
-28294 -61144
-64259 5178
58031 17352
38674 44698
-2778 63423
-31541 15383
-35799 -59158
-49847 -63829
-31873 46746
-29818 -12261
44191 11952
-48924 8721
-9947 34961
33559 -6850
55840 -35449
-7500 -16003
31540 48863
57125 44932
59997 64201
17873 -18891
-60404 37518
13420 40921
54380 -52298
-47172 45617
61381 -59793
-65376 -33804
-55467 39704
-7958 -10884
4539 34035
50755 -34859
-44249 -58395
-5052 35573
40857 45359
-4118 -13975
-23839 -38971
-39291 -41291
27465 50000
10030 -20073
-19343 -27156
22082 -2560
-53974 61304
19621 -28499
40029 37308
46038 -18263
-58899 -7354
21567 -4566
19336 49036
60416 -19483
18272 5310
-14909 7592
-30915 -12385
-17091 -39471
-42608 -31032
25928 -29628
36776 14499
-29007 -19934
-61677 -34723
29343 -18844
58164 25505
25641 7651
55552 -30675
61982 -43296
11306 11146
1695 54021
928 42488
26413 53692
43620 -31077
-16183 45496
3166 19156
23654 -16201
53392 -31888
23187 -52391
10571 33225
-18044 -61437
51539 19240
-2286 -37962
-48769 959
-48990 -55734
-32460 6819
52543 -59814
-33485 -5205
-24650 -37542
-53177 -57465
-19261 -45788
-53432 -26169
-8855 9939
808 28
-17773 3664
-4990 -20722
-26366 5825
8563 47849
43141 -22978
-54042 -28271
8816 -29617
16208 -8185
-28881 36914
-33971 51455
526 61590
-31085 41226
7085 -8191
1868 -26399
-925 36531
-53499 51464
-42678 22497
41407 61226
8399 -37304
49218 24756
-64810 -5318
-40718 -30015
11641 -930
-13705 -8121
-48658 -17041
61677 56011
45482 -18428
-27901 46281
-17053 54111
-39327 -49963
-27322 7772
46897 -5252
55936 20101
35586 -3545
35476 29581
47822 -45074
-843 41430
-64447 26878
-32444 -21771
7844 30793
-47460 -688
-42418 3745
16793 -43740
22907 33141
56316 13062
9251 -43809
-10420 58341
37755 -43417
-3446 18589
-27161 14406
2807 64599
15741 8024
49833 -15923
-43616 -10691
-13664 -49330
65118 743
9797 -800
-34538 -25551
19500 -26302
60608 -61059
17141 -65329
-47942 -5490
25563 25367
28235 -7854
-2929 -64612
32682 11080
-40148 -40853
24707 1953
19303 -58660
60473 -37657
-17114 -4029
-60776 17717
-35631 -60108
38872 3716
23072 -35001
43527 18231
31631 50020
33958 32923
14257 59376
-23225 -60303
-52341 -14400
-904 -8649
30456 3254
12024 -15302
49001 23076
-47013 -36218
24848 -23635
28199 18030
6324 52782
-38427 -18744
-35658 -64210
-15097 -3364
-47211 -9396
26421 -76
-3254 -42945
-31919 -55177
-38139 -29480
53212 -29455
28153 -64110
-39137 -6397
14426 24213
16903 22072
41203 35385
-15369 50365
-28992 40573
52391 -38237
21429 38502
-13404 62505
58613 48843
-48229 -64682
6931 45838
59425 28680
57804 -60827
61454 59319
-36771 -1696
-19522 63044
-27677 20388
-11896 -39552
55658 -51684
-65427 -43830
-61175 -63180
52255 -44312
60880 22682
18516 32068
42077 -36733
3802 -64489
-56364 -60486
10986 40356
31320 -60605
-44367 -55628
27310 65050
-23249 52177
-9361 -29614
-51357 29407
-49247 47079
-15050 -28267
32752 37010
-6744 -61550
54612 32059
63794 -53426
-18103 13815
41152 -44230
-9799 6228
-6036 48227
-16349 12135
31181 -20109
31486 20079
4875 -18889
-35737 -7406
-51621 -34624
-64981 -49110
-53336 24298
23321 -56643
4311 45784
-1015 40792
34254 39899
52707 28965
-23445 23765
22308 -29019
-29495 11360
28211 -52602
-12231 -33462
39653 -57798
50158 39576
47465 -50171
20830 57855
9993 61483
19997 -31419
23275 20970
2465 -15247
16697 39040
48681 -24193
8412 24493
-22077 26728
15367 57420
28027 -52956
-41276 -41151
-19049 -44263
-49912 7169
5783 -35693
-52799 23857
-31568 -46362
47995 63769
-54687 20100
56550 -15421
3114 -20068
-19040 -16137
-47515 -674
-31354 -28009
51155 27297
-23667 23151
-45682 -2248
51445 -41884
8982 45416
50811 23270
-34870 28203
3919 -8892
7610 37181
35935 -59258
-33212 20715
-41971 -23880
-42752 -21484
-36454 -19233
1696 57143
-43635 -3543
-19412 -1904
-54169 -59135
34100 38377
-13651 -24586
25160 50262
-57788 -33577
-4687 -47976
7607 58581
-40631 29143
14128 -17267
-8249 34038
-37089 -56552
-39038 -167
41439 6515
-11074 -45930
16307 19731
63876 -4724
-62396 48142
-44351 -20623
-705 -7972
-17277 -43712
-16307 60830
-30073 -35081
64157 -60800
-15413 40071
11374 41640
-10438 -53917
55753 64312
-47380 -33593
59784 62034
-28380 6479
-49905 -54169
-36146 7842
-8947 53290
49783 35568
44563 62870
10002 37253
-7097 -11946
9026 -32787
-44590 36738
-40712 50463
-38355 34338
-49926 46822
-36599 -9728
-32821 -44614
-53351 16234
-58849 -22615
-35673 37727
45950 -27513
-35387 -45134
13275 -44312
-391 24271
61564 -53943
-25348 22679
6605 -37125
8381 -57628
26594 -51069
-49239 20228
39136 -38367
-35407 39503
-24908 -55379
-22616 -20951
-46007 49943
-31553 -24058
-4696 -31317
-38392 60892
-13228 -53798
-14 54210
32208 -13551
-27823 55102
55383 35612
54892 36793
29027 -10900
-44231 7194
56500 56016
-8617 -34757
-24226 -59669
16834 -24515
30363 14744
34486 -15436
1255 -56388
