4728
60910 -17490
-65094 32410
14889 24978
13409 -27802
-37660 -52121
1537 10982
-8653 2739
-47377 2948
-50672 -9493
60541 -33741
-41984 16255
-30500 18792
54282 52949
-22256 63738
38636 3921
50723 59598
-29077 60666
63035 44464
64272 -8039
58416 29108
52070 -25373
33135 -54365
58747 7990
-59968 -18555
-5857 -57820
-13799 1020
61767 42891
-29006 9568
-17088 25322
61148 26961
-53717 53360
44186 -34905
-57342 -58330
-54669 -9685
-57640 -23391
-25809 -44750
15070 -44253
-18818 -1983
-18663 15794
-26411 24684
-58582 38707
46332 -29032
-46890 -7527
-42274 -23034
-61842 -33564
50339 -64817
32066 -36936
-12958 490
-59165 22260
1572 -43902
53128 -30114
51577 8482
-61699 -24579
-21648 -33160
-41784 62700
-56298 46570
-7009 -39359
59924 -51977
55714 13613
-12637 3510
-35428 -20903
13278 -61140
-1316 -6651
-18642 -64336
-2249 43346
-24364 17556
-49656 -10760
33128 1651
52926 18770
-59134 -34145
-19048 4310
-57904 -45314
-56098 -6630
10217 -41767
1055 -48198
-4882 45222
-42264 -4146
41205 24348
620 59247
1995 37795
-52625 61961
62581 -53950
-31517 -24226
-54110 11014
59540 -14050
18233 -35242
6467 -35465
-62028 -21830
11753 -6344
-27981 30171
38505 -65218
-10949 63023
-64036 42939
-30589 9363
17749 -26080
24585 -60357
-45155 -18185
-52592 -22785
48962 -11360
21567 59125
-38384 31696
-36179 -30452
-5984 1431
-56106 52130
51175 -24754
35354 -6747
-37521 -63984
18913 15780
-44715 -64207
829 -2046
-47632 28282
9368 13851
-48877 56024
-11186 -65060
5064 -46460
-3290 -6614
11659 33346
-20544 -37067
-51452 -15855
47866 -63378
34424 -57648
-64852 57322
10337 -17507
-62480 -33922
5898 -30683
538 9321
-39695 46493
27655 -3863
-50687 -22921
-31001 -14723
-22760 35874
-5157 13300
-14817 -50238
-50613 15855
54032 37268
-3354 36080
24166 37244
55473 37238
22272 63603
-2071 995
26439 -22881
-31424 -818
49430 28354
-40198 46385
43012 21151
-23044 56359
-8994 7670
32181 643
-47839 -51676
48895 -38210
-18063 -32942
4127 -60130
-25277 19236
50718 17783
-15914 26613
-51756 11809
12042 -64304
53380 38086
-47280 -46194
-6933 -36196
63439 -42460
-62398 57812
-11892 51068
19562 54404
-4165 9890
-2461 -17295
8860 16091
-48021 -26411
856 -64027
-35732 58666
40338 7329
49486 42398
25921 16412
32409 -31168
44017 -16405
-10212 24621
21135 3345
-6310 -17491
-34819 -13186
21050 18589
21613 47652
-50637 9352
-25777 -53125
40131 -37585
-53394 -8653
-64049 -62679
-15286 -22397
-29626 26445
9718 24704
-42232 -23068
25482 -46608
-34343 -42591
-57745 20728
4534 -6073
-33974 -56312
5845 -15937
59733 -50100
-29503 2186
62220 57856
25600 -2498
-65269 36623
-55899 -28071
9859 38971
42993 -3624
4996 -14762
-62982 -47678
43867 39245
-62963 -63522
-41108 -61623
15918 -56416
44421 43473
-64443 53649
-34032 -11848
49587 -23813
-5265 19930
2182 -1620
61026 -36256
41777 40575
-50707 15296
23479 6054
-30406 52169
-10435 -26406
-51898 -64085
36433 -34879
11240 55980
22821 7377
32377 16042
10635 49376
-28374 -30000
2504 33161
-42944 51241
50342 62710
-12291 -1059
15682 -6464
54081 -36264
46129 -34530
63369 38418
16179 -7176
62742 49374
-14660 -16832
-55786 -11211
-14885 61995
-6252 -30398
7114 -47809
45900 44182
27259 -8391
-3266 20030
-24723 -39298
45611 43739
41379 -48374
50878 32008
-19185 -57667
-43704 4817
44170 -6407
-23226 -45935
-13322 -50291
23242 -15420
-35789 -19599
63111 -2116
-35122 -24366
-8535 55057
54234 9862
-9229 676
-23650 -49646
-22977 18702
11463 10612
-58991 56293
24116 19540
925 54796
-3299 -24689
40522 34842
12198 -40067
11977 -39847
58525 56280
-13274 -35028
51935 45211
41609 -10029
-19607 48070
60294 -23310
4442 -658
60610 44100
-64084 -50039
4492 -52716
-58734 -45362
-29940 -47595
-52714 -63958
-41102 31728
41294 -22491
38683 62317
-48035 60783
410 18144
10370 -24211
-58865 -7059
-39521 16186
-21938 17555
-4330 -465
52851 4622
10397 -33875
40466 -56448
-15754 33376
-27823 -27233
3196 -21361
-11134 -44168
-7511 62622
-53407 -49803
-32936 -56119
-42540 -22012
62514 16802
-52125 -50807
8983 47037
-61261 1218
467 -20959
20778 42471
23785 55835
18128 24530
53374 64558
5726 37534
-48666 28380
-30193 15767
-6318 -34712
-27314 -60278
-17575 29011
30128 486
56173 -57994
-53992 4232
41318 654
-14927 24948
58829 61467
8161 -45725
-48834 -45965
-58105 -49847
-24967 4530
47257 -57409
15306 -27543
-64106 50851
2719 -49765
-8647 22747
-51575 -9617
-4139 -32929
-16955 5353
33376 38197
45857 30663
801 -43127
-25041 10190
-38123 -5377
36237 -26316
-63401 -37379
-10978 27652
56644 -36998
27137 47256
55537 22534
8736 -31513
-18600 -15222
22839 -63582
-10261 -747
60138 25166
-37803 -61790
-64432 -37793
-11982 -28113
1745 -12269
60571 33190
59700 -19210
62378 50891
-55863 -31955
-17627 9121
-64877 54349
-14755 40937
-64650 -24200
17090 -44275
12220 63574
4909 5064
37833 24073
22499 3169
39241 7757
-5485 -61360
-16024 14469
9816 18916
-26364 40947
-34598 -31469
-40647 -10961
46434 -28420
-36641 20600
-21201 43038
38251 -4428
42697 -2163
-14069 48527
-37479 -54009
-27001 -62414
-281 12690
-14695 58875
14142 -5775
-37996 -11382
-44330 -11928
-41116 19545
460 -30897
3625 37744
14443 6311
-53005 -27866
26635 -47007
-29401 -12338
-57271 -18668
35844 56208
40955 -33726
-63799 18477
-4778 57747
35380 54075
58257 -48907
34134 -20746
-46013 -11025
59277 -43386
-51109 -23420
53098 -55119
19125 25795
35842 19520
22255 30810
-40220 -51307
50587 48929
59160 2650
31741 -56278
28351 -8892
-42279 -35073
8859 1410
-40518 41474
7092 50033
64873 -48286
-2102 36640
9242 -11605
52512 52433
17296 -50607
-62526 39973
-48600 -14733
-23170 -22322
27446 -56362
-948 5425
-52808 52083
-16574 58819
4664 -61879
64169 -20976
43391 -18852
3986 6281
10037 7659
-9759 19399
48530 21813
-1329 6169
-36111 -6050
-35012 -47803
-63160 -61955
-46351 41985
27386 4490
17057 48583
48720 28500
-51895 -44423
22568 -42134
13748 -8647
-29026 -36169
6872 42797
58561 2013
-41402 -18237
36093 21917
-37366 -52770
-35107 -29234
-32821 -45569
-171 -28745
7228 47217
-23574 24563
7089 -114
47795 43104
60020 63709
-35190 -42336
-54602 -46003
57451 52044
19810 -21436
-39583 -46715
-32617 47105
53531 3444
60485 35410
46562 54488
-28868 42842
41755 19794
38342 36796
38546 11371
45687 -20469
-24904 -40871
12745 58666
45399 -41031
42318 -48539
30636 9019
-22495 -8275
-11258 -23790
27141 40582
-13519 -20626
47145 24274
35714 -1689
-29996 -55197
-58703 33927
43110 25945
-12816 3973
-64463 56336
2701 3963
-28042 58394
-62632 15855
-16228 -39596
9965 28669
-198 46207
50268 -10502
-63379 49103
121 -16924
14122 39103
19741 57466
-33311 62848
28828 64743
47652 -48417
36577 31301
17730 -36127
-24705 -62760
-4353 -44489
7824 24417
-51753 15968
12133 -59162
-23059 -57952
-64566 1881
7614 -59597
-1994 -58314
-48796 55159
-31637 21125
37170 37802
-5896 -27644
-60221 21312
-50551 49123
44047 -45189
-7947 -53205
-20885 -32205
52505 -20169
38780 -19248
-57578 -31441
-31482 46231
35395 -20854
-23196 20020
42964 -58946
15967 -38629
-34293 -31064
11270 59630
-12433 -55708
48751 26827
-1688 32182
-28616 54337
7824 13275
-13019 -32780
-45376 -42144
54059 8120
-14996 20946
-9538 7666
17718 30160
1590 26100
-36537 52790
-16582 -37650
37466 -4444
62683 60547
-35236 -24850
10477 -29190
36117 45119
-1078 15810
-19333 -37852
62472 15424
9510 -892
-32229 15744
18556 55389
32216 -15180
-54031 -795
-12014 15472
-46352 -2431
-54978 -54361
18149 40743
-48000 37695
-28128 -57331
-686 3554
-54069 -3505
-33128 -26809
12129 -55606
-23105 -13452
21628 -34114
43919 16416
32181 29021
-64732 -8542
-48789 65285
19324 48410
5549 712
25223 24170
-32749 -16989
20478 -58108
25006 34729
-50914 19353
-54191 -12461
-5518 50556
41204 60330
-46368 -15391
-56912 10991
53806 44570
45472 10337
38814 -42889
35155 60079
44210 -49538
-33476 36009
50093 -13859
-22348 30978
63844 -14978
10720 -53833
-44356 48620
52948 -29903
53237 9700
56775 36589
8509 20008
31232 -2520
-9549 2111
52363 -57646
-28139 -30067
-38483 57782
-20039 -18420
-2016 -32634
5732 37639
-53737 -6625
57704 58038
1814 7995
-28862 37813
-3406 -41031
55513 46212
59391 -1626
-48662 42795
52916 19093
9919 -45053
-16725 -10450
26548 -196
-9511 -4915
21282 44624
12692 -9108
-50303 -27853
44484 -35313
32090 -2496
65299 7645
-35188 34121
-4646 -7393
-30872 43685
35949 -7612
14959 -5173
4574 62123
-38970 38037
-43276 -28244
-59449 4804
-2135 28454
-14997 40812
44342 -18373
29087 46341
51660 51545
31432 -43712
33968 58843
-17776 -29270
3606 -60010
32950 -51408
-65134 -40469
-65481 16760
7291 -30310
-17205 -34163
2350 30233
-3954 -29497
40141 56048
56256 29201
-44108 -58685
56675 -34178
49267 21694
46650 -17855
-2196 -4970
-37388 12653
-62030 -26800
-7369 50605
17078 -49777
58069 -28336
5952 48269
53379 -49617
18450 39302
-32031 8345
-53294 -32283
-21992 20081
-21800 -30056
-1095 -18828
-85 -12326
-47891 20265
10291 -57512
-30986 -28426
17624 61193
-53649 -28443
-50904 217
-56850 64644
30456 61528
56856 43760
-48859 -46306
-37504 41001
22549 49730
20302 -81
21725 -7229
6944 -62083
64204 -57689
62891 -61007
-55450 24343
-9545 -45949
58387 37894
-16517 41668
56257 987
15302 -44787
14275 -27019
-61044 -28419
64620 50209
60487 -5306
57484 -29374
26771 -63433
-63402 -14990
37131 55278
63987 12795
25088 46851
-15050 9658
-64265 48940
58791 -58894
-61855 21294
40161 -32590
16680 29083
25520 -39552
-20265 -63941
-56358 -33023
-14682 10864
50147 -38243
16372 25949
-55996 33572
-6038 -17010
59696 -21762
57839 9371
1596 -17955
-56629 41319
19479 -32242
-33791 -59737
64005 28501
-24249 47260
27006 -4820
41115 17796
-31811 -16149
-48058 -39415
9561 -45241
65048 -25143
14959 52145
29541 -4815
21552 -61280
-54884 64277
41475 56304
50981 -51964
-28201 4803
61826 -5295
55061 -56180
8341 11138
-8740 36897
-30862 43854
35692 60828
-1999 -56303
55973 47142
-65461 55450
-60719 -22551
-44948 20345
2134 21147
-13234 10583
53831 -12707
16260 -41837
-28013 -47332
11718 12517
-3497 -41820
27396 13103
-63629 31381
-10515 14181
-46621 14260
16996 62158
-30445 1598
-3848 -40189
-11230 872
25383 -8704
222 1753
16330 43283
-36941 -14079
32266 -55089
24286 -58842
-29705 -54156
-36647 522
-18528 -65054
23764 -21083
7441 -32620
-14360 6724
56782 60937
-21849 62516
-55907 52897
-4607 -6107
47314 -11301
-2872 15739
33877 28215
16184 -55423
17959 -55715
-56353 -52537
3896 31651
27458 20962
47757 -5581
-10094 -19216
-35245 -64560
-52402 44682
61654 11966
-6162 21770
-6237 -10449
-21810 33486
-59538 -26049
-3779 57538
-65154 4729
-59974 34647
-7554 21897
24463 -45419
9566 -17023
63346 31048
13464 62193
-38645 -45183
-40017 46920
-42913 -39292
24690 -9919
1217 8641
-710 39132
34955 2880
18661 55995
15382 -3947
-8762 -25045
19557 26943
-61551 22203
-21148 -42363
1194 -6965
-58271 40526
39542 -64500
56766 -57219
-37562 60634
62162 -52917
47573 -58247
49440 43724
54094 64223
-59635 20446
-24227 56891
-20160 25206
-28005 21604
38880 -51580
32116 60995
62213 -45469
-63979 19163
11015 62737
17211 -26848
-27369 35360
61114 -53650
-44839 49941
33235 59487
51746 17792
-12555 41444
48335 -56990
-6595 16482
-33514 -28211
57874 15579
39825 -16133
-33070 7884
31345 -40126
-29553 -50992
-50261 -19550
-53687 41104
-37832 32281
-64940 -490
-49692 -17516
1733 12802
49702 -47130
-45816 -28127
59014 33085
-12206 -23864
-57096 17583
-25370 57901
-1312 20405
15981 -32960
21792 13230
25968 -62765
25171 57342
63802 23178
-20153 -16020
31574 -43114
7742 -54153
-25135 31756
-43030 -27200
-2626 -19599
53283 -24327
40624 -18284
52800 -13178
-56925 -50137
3114 5375
-42875 60554
15030 1619
-9717 -55435
-15030 -58447
20083 31284
-60493 30740
-5081 33228
-28905 -60068
55563 12515
-40576 25586
-15716 -43283
51738 12790
46156 -62198
41694 -65131
-52408 -4462
62599 19305
-23060 -18678
-34809 32988
-27486 -56349
43469 -32507
-59416 28129
28990 -65175
-45263 -21378
34724 -41388
-32153 -17982
48238 25498
-25380 61606
-6280 48323
38674 20780
-52768 59223
44444 -28261
3278 53407
12111 -23317
-6841 -6892
-44841 -64459
-62531 63645
-10397 48778
43822 7508
-63529 41518
31265 -63979
24564 -63924
12118 41727
-8017 -61015
-56224 3132
-22353 -46419
-21989 48674
-38535 -21103
40313 -7967
-62658 -56150
-15225 -64777
-44458 54103
-11036 -34162
-8609 18596
-4418 -33593
-23532 18226
-43048 24043
2106 -3357
50899 -13929
15122 34780
-20436 -57182
-984 47555
-25988 63309
-17922 64813
-43038 45112
54160 -45503
-48475 -52260
55285 8428
-40494 -62062
-2901 22788
-34677 -29726
18371 51861
-63160 47731
30959 -37967
42297 2942
41213 53027
-35273 7514
-37244 -43254
-49883 -40744
-56530 -29723
2734 -56142
44308 -47498
-21184 31309
-33653 46727
-28469 -17237
10915 -43228
-42111 -40112
-19032 17910
51040 -38187
-40076 45105
55389 61483
-10947 -6655
19130 -53402
2160 30268
49894 50046
-35836 47193
-54166 -482
17159 37885
37863 -15342
-18655 4681
-30895 12356
-32715 52059
26349 23523
-8001 24232
-35591 54943
-42143 11441
39294 7765
36562 42557
4575 3751
52363 55652
-14576 -16768
32246 18707
62846 -49122
-28708 -37309
-48461 36059
-27415 32291
-60355 -187
19489 49654
8404 17212
32970 49467
62318 36081
-21896 -32787
32898 31848
-36608 8496
61813 49767
1361 50396
-30681 -8554
58710 -13800
-41859 -40659
35638 -59829
40207 -56774
-1257 47564
3557 26649
765 -45495
-27111 46698
58003 40183
-29832 18507
57589 -53090
-35102 49053
41165 2397
-53283 56674
21202 -38452
-17312 1540
-28377 47222
-64605 -23505
31985 1766
-57752 39812
-438 14986
-63397 -22161
-37760 -12515
-58866 52935
-36603 -48985
5297 16432
4553 -40037
60240 -21555
55246 -40965
36395 -20042
53250 -58742
-19418 2642
36670 -29455
-4424 -14549
-35275 -3
7322 -12463
-61858 -35962
-43212 12454
60652 -29683
-14934 -54385
-56456 -48404
54785 14767
-47156 -23103
11469 16733
1438 26177
-20038 -1099
4939 -57992
-43645 44409
39184 56512
26224 -10280
-65509 -58088
-24817 11182
-36501 -46703
-59037 -61496
-1205 -6272
-21167 -43567
16199 -42198
4627 -26429
-51253 -47389
-52609 49288
17443 -15473
-62509 17579
-51158 -38820
16620 -60438
-10194 61119
12263 3798
529 -26048
63687 -42738
37377 34716
14098 -21601
6868 -14958
-45216 1501
19184 58127
17263 37677
-55268 -5617
-12578 -4393
-45502 -46771
6463 48956
-1940 51960
-57764 -47812
46692 60352
18836 9209
-49148 34346
-539 55518
48960 64819
43785 53060
44101 7868
-908 -2319
45151 -28666
29712 -55017
37847 -29354
-45463 -60304
-26087 42196
32726 -61913
31039 38063
-57553 -44788
-62692 44407
-7862 -16371
6490 -32516
55281 17125
2355 19675
-47513 57291
5436 -22616
-1871 -25020
3532 40389
9304 -51075
-39950 -48589
-54365 -34423
10100 -30053
164 55545
-22018 19356
39711 48539
3586 -41474
20284 -31541
39998 -38677
27204 36760
-41138 42888
-50561 60722
-31813 58105
-28510 44657
-28417 30911
27801 -59065
19057 -34881
12783 32730
-56086 53837
11464 -6185
17674 -35075
-53571 -58792
52678 -4735
45624 10673
-23175 -21323
-32496 -33698
-18509 36612
52240 61240
21754 42904
-55005 -2557
-22024 27606
-57736 -42015
-14050 47011
-32382 28837
-54437 30326
39766 4860
45956 -54879
-47146 37592
-28866 10416
56528 -24297
9182 -62676
61544 -64145
11769 28969
4600 -64786
26828 28404
-63310 -38246
-29555 23863
10570 -52912
13242 11997
65158 50311
3162 9022
18517 -36861
15861 -25663
-28921 47913
20321 4291
17366 33423
-4362 -20634
-44687 60318
-33731 12972
57729 -51665
17026 65007
-43486 38907
65182 7164
-47666 30741
25526 50042
-22773 57487
46405 51238
-62965 5552
56570 -18526
19597 -53474
65291 59111
9234 -23010
-14176 -24162
48088 2802
48860 10987
-55038 -11661
2988 -59814
9212 57046
25359 28001
-42671 -37534
36344 -4675
4777 51584
-13870 27626
-36100 10666
43667 -32968
32599 -64422
54199 45768
-57515 -32542
-1491 28307
24066 36016
47048 55319
-27107 -19571
-11332 -31388
-20901 43910
29536 -58194
59656 3026
2444 31604
51979 36479
61833 -21211
-41254 1777
27881 -31868
48491 -4210
57396 -60094
-6166 -59295
58625 57736
32670 28334
-53746 59124
-10718 -47984
24201 26815
-60364 63417
-27220 -19453
12783 47394
7680 -24854
-44204 -246
-48588 -26370
4890 -2122
-22482 61563
4993 -27697
62082 -63312
27631 -64946
61726 -22746
39179 29120
48200 -64852
64208 -52137
-28162 51893
49857 59481
-3077 38127
-11040 28226
-37432 12709
-2448 -7589
-58161 -2358
25666 54753
-40759 39363
4247 32280
37170 14243
-35269 -2880
775 -4003
-49951 47963
-53081 -49611
12461 57266
-32059 52641
-35869 -21653
-31143 26490
-28641 -22103
-4113 1634
10034 -19876
-42792 14046
-31794 -18327
11551 29990
37617 63507
64890 -44546
-1635 19160
49920 14820
-35136 -16164
-25932 -42295
-6632 3520
30724 35965
46883 -62364
-2096 -64525
59363 -2232
-12444 -10831
-58061 58080
-64182 -5291
21944 -28965
-38078 10763
-2007 60095
-21901 15125
-7571 -37546
-54991 -18645
-50154 63008
9309 4226
-16424 10617
37838 28634
-9458 -56695
28380 21881
-40863 35548
-16556 -32255
36599 14125
-14880 -44222
-23704 35112
58911 -30529
-2057 50151
3941 -63684
505 -35950
-52441 -60951
14105 -33071
-61803 42152
27685 -43775
22363 15819
-2449 -35127
52896 39149
-47744 -10633
-37269 -48283
23888 -60477
46196 7422
7640 45546
-13212 -39554
-44680 40561
-50875 61553
2252 10642
-38655 48361
38537 -26198
39761 26177
62370 59972
-48961 65030
-30477 17001
23541 -45653
-34424 -36392
-7462 -30293
-32340 42492
-43141 56398
44107 39479
-20176 52486
34908 33491
-39903 55750
-7809 -30764
-8429 -55618
-34804 -39998
1076 -48816
-54396 -60250
17933 -8406
48730 37035
43068 40629
-103 46384
-34950 56155
-57414 42242
-18755 19934
-14293 32754
21499 -47755
-60466 63352
2387 18919
-62177 -37917
-5462 10342
13615 -53905
-27958 -44420
-46731 46758
51745 -2235
-50627 19512
-35384 61466
25559 58531
-23425 28414
18194 14796
7429 28806
-18880 45215
-30379 -17522
-49461 -51805
41289 -23130
4208 -65474
-59929 59931
-40432 34740
16033 33709
22094 -52236
-9768 46098
-37402 7518
-1 6780
-396 18746
-6494 48472
-44524 31202
-62716 -44003
-7704 48355
42614 -35073
-31668 -7898
-52633 -58751
48222 42637
-33857 -52637
33314 -29920
-21132 55045
-60116 -17467
-24764 14433
-54922 57945
62372 -58567
21924 13287
-41679 -40055
-8522 -61448
-58077 2973
26270 -50138
-12556 61219
37306 34753
62043 10571
13104 51268
16853 47001
42574 -20175
49903 -31346
-11288 56687
-45842 -41577
18338 -41194
26905 -34382
-47844 39729
8902 57127
34373 -54722
61687 -60419
47493 -29772
-22919 -56087
21635 -25749
-5943 34010
50445 -20895
12561 57103
-38216 14933
-26845 25251
40197 -4064
-11748 -14596
-24053 52884
3617 -49158
35906 -18378
-18110 15780
51577 43038
42361 -37918
-58698 -17107
-63749 -28407
54796 -35864
36324 5471
59023 -33219
22382 -21158
-36905 27645
32608 5653
36213 60784
19688 32374
20621 21853
-1150 -34499
-13876 -38457
14433 52651
-30674 24436
-26569 21323
21772 36027
41889 31265
-12377 -58312
21861 46575
-14334 19360
18493 50648
-33830 -16669
-58255 -5094
62756 -49944
-7490 25461
49190 4849
-24067 -35665
28833 -8923
-3253 -63321
3836 -28818
-48683 36370
30624 51771
-13600 -33018
-62846 38157
451 29112
-51410 -16169
32408 -63416
-18247 -34621
-30022 -26353
-31234 23310
-38793 -15002
-42166 30655
34152 -63454
10501 -8049
-13359 -39514
11680 27993
-16935 -31329
14364 -40109
-18440 13213
-62606 -17790
63697 46563
57770 -37922
-13774 21671
-47864 -65136
-25966 40347
-7883 34994
37111 -16516
57181 35423
2537 20603
49823 -62068
-4424 29658
54006 -5996
29361 -31967
35134 -53114
49436 -50086
9245 -46307
43576 20661
-7911 50514
-24237 44582
-221 45736
-56607 -3338
-34737 9376
55092 16089
60993 -1973
-45448 -14785
8176 -32449
63109 -55499
-1427 26623
6328 11080
-2284 -62000
34552 -52454
-24935 -32947
-41898 -50621
23334 -17212
-48027 19919
6328 -28198
42964 -35014
18426 -56998
-17068 51669
-54642 -11964
-56222 -6394
21513 559
32438 15452
39907 37639
-53046 -59086
-52262 36445
27978 -17620
7352 15445
-26790 13411
-13858 35870
34912 -15944
8646 -52150
41717 -16481
3926 16650
-10632 38976
-56373 19293
-55795 -16699
10377 -52116
56533 9665
50476 -56623
12237 -48824
-38590 34008
-25266 62763
58074 -64712
-14999 13443
-44353 27683
63952 28336
-19416 -48590
1659 16935
17862 -23148
-28848 51101
54215 -19413
29167 32201
-11200 40061
18710 62800
-34513 42605
-38368 -7230
920 -41884
60663 10120
57630 -10781
-27009 33037
-63962 42306
-1954 21396
37709 26497
61801 -50116
46707 -16380
-54811 -54861
-63050 46974
2442 -51405
13244 -40582
5720 -36774
-15818 -6842
-3132 -52844
-61147 56158
-17262 13790
20478 -10754
16647 -19483
-25738 55601
28221 -62767
1840 2063
-34690 -38817
-3920 -25950
31167 14311
-58748 30308
55171 41712
27863 44128
-17740 -32838
-63042 6148
-19996 -55688
34948 61620
25016 -33810
18631 14436
-34792 -9784
8676 -54683
14494 64045
-59909 -3181
-28910 26044
-9269 25382
59668 -28933
47653 626
53166 -59458
39417 19108
32062 27376
-39311 -54573
2780 35836
18633 44065
49562 30038
15882 -32785
57153 37804
4454 40942
-49722 -30607
-10978 -36458
-10355 6677
1532 -21377
-27200 52960
34085 44297
-37342 -24944
38797 -22158
-52580 -43394
1882 -56620
-55510 17590
62563 58597
26866 39140
48095 8975
-59871 64102
-892 -1456
-32963 11960
-1961 -43004
17300 10674
-61495 -61646
-38035 -62780
46538 50752
-40596 -56374
-22827 35710
34287 -26427
-49051 42337
31681 -63119
-47309 -52122
1891 -37049
-43226 59361
11521 -40358
11042 48324
-13664 57173
45862 -40553
-3339 -61961
-3927 -23972
14157 52011
-25536 16218
-49609 46300
-6917 -32342
54786 -29269
-10629 19767
-37002 1852
-5717 48743
-9209 -1057
52105 54843
16550 28453
6127 -53620
33824 -64061
17670 -13717
14836 455
-15233 -12419
36464 -49105
-14449 45137
42759 14796
64541 -13961
58860 -51423
-61384 -29948
15768 1339
62373 31464
10970 -36269
-30273 15898
-5074 12105
851 41528
13365 -59482
-49115 -59777
23856 -63348
2080 20437
64743 -40951
47378 -21223
-51763 9219
61606 551
48658 38303
-30655 40322
36004 -27478
-10918 63690
32332 -1745
62604 2480
-28043 -35887
34677 46113
-7669 -11384
53719 4614
31943 11212
2226 -12645
-59751 61830
62448 -56588
8596 7537
-63007 4096
40392 -57442
-28438 -12314
-12522 -60163
63707 -43636
59907 -21899
55084 25259
-848 30764
35166 5777
-53158 17977
47281 -54719
-32544 2326
-39317 34328
-51863 37096
46627 64688
1379 63290
411 34596
-45938 62814
45284 -14361
-8210 -20126
-62895 65419
44603 32753
-42152 34396
29594 -4256
33209 -16177
-45862 -46914
-63228 -42224
-21747 47269
20123 -31594
41150 7097
-16092 -14085
-35638 -58149
35470 -42273
36782 -8818
34143 2138
32828 55302
-22256 -13575
52792 22774
-2821 26843
-8260 858
45913 15368
57423 -14118
-17282 18584
62513 59425
3990 -963
-40838 -2361
54631 52001
-35581 -7787
21400 -18864
-16706 23206
-31761 -53566
53235 -56348
56917 -14115
18838 29474
-57868 57780
54148 -16007
-59136 -37205
-9501 -64728
-16197 18037
1322 -35819
62318 -63138
4244 34975
55231 48512
-19569 -41696
13169 -40527
-57432 -23795
-45431 18622
62452 -49940
-29443 -6536
32380 -42671
3720 62749
-42302 60313
56184 -790
47717 64983
48972 54842
-49739 30874
-19427 11748
49247 48180
-52906 13883
-60532 35379
-5580 -31454
-8467 -20143
-13851 -16406
-24216 41063
34365 25041
-27559 60836
-42706 -40043
-36000 -32763
-26698 -36828
45614 29631
41143 -65020
44297 40978
65199 13510
-33436 65045
59875 -3
-55331 -56592
-23011 9596
59904 34498
28802 24276
33144 17647
2068 -9689
40607 34916
49040 -9071
56824 3989
44572 -39074
55768 44934
56725 63161
35857 33240
48481 -50776
-22305 -26756
61944 -60354
49550 -38134
14879 14522
28950 9822
-49559 15603
53621 -15995
-61929 6650
-35883 -22820
52130 36522
41732 -16841
-16367 -35166
-28832 -28731
-39661 -36459
37436 997
-19944 -18546
39226 9766
-31100 -39038
12254 33330
-53243 4698
878 -62367
-12935 -7197
-50370 27373
65301 58061
1643 62643
27899 -56510
-38499 23224
53936 -60489
17712 61479
-24835 50118
7824 1904
-39494 -18192
55808 35016
65173 -48070
21523 46181
37797 49291
50134 20120
-26072 -61783
-3312 57167
-2755 36172
25429 -42577
20244 13064
56026 -6985
-20163 49751
14203 22112
61721 13159
-38572 26218
53220 2972
2369 -60953
-44407 -28050
25869 -55294
-34638 21667
-5346 -46471
-58452 -20929
-36641 -30037
53348 -2047
17836 42345
-45094 56894
63579 -40071
-12884 40433
13628 -27076
39681 23811
-2510 -716
26607 25596
-48812 -57914
21543 25693
53562 25441
-40892 54567
-3867 -62989
15114 -26616
35671 -62519
-40593 -24656
52977 -1365
487 -48372
-13903 -4753
-33433 -3489
15883 32814
-14259 35735
-60881 37372
46280 -8918
-28189 -58759
-23464 29140
40072 48161
-20489 28512
-46727 -6715
-34975 -63372
-7788 -4093
47848 2460
4576 -16569
53777 -42877
36860 51666
-13080 36162
-27852 -44054
-2274 -20961
24677 -6579
49932 -12029
59535 4976
-25960 -18762
57551 26925
31671 19021
55358 6978
37421 65196
-19542 -29449
-50268 -41408
34973 52355
-12191 -5177
-30825 -46816
45845 -5791
-29332 17969
-47766 29716
52619 13379
-21778 41631
61136 -19626
51291 -14341
-56661 -56962
62922 3629
-55422 -17708
-27479 -47873
51842 31488
27776 -62228
49254 -27845
46269 37622
-32107 -28076
15527 2893
183 -820
62248 -6311
60513 38730
-41252 -42461
-23045 12267
-6917 64899
-22350 -32577
16627 19216
-13340 -53213
50802 31994
-31188 -49060
-8698 41931
46632 21554
-25955 8575
-62196 -9090
-45226 -583
-25123 -15149
969 19020
37866 61726
-13294 -5946
38128 -42160
10703 13466
-36003 39763
-61774 8457
38431 -41494
-16479 -54657
1968 -16527
36201 -46913
28556 -37
-26653 -44506
13773 -28779
-63871 -26767
-54945 10005
-31325 -426
64648 32135
8736 9403
-20153 15318
48163 63454
-40176 27884
13734 2991
52266 49647
-33128 -26505
-40972 43924
53539 3966
-53457 56178
58737 54771
22605 39258
-19000 -30645
34511 63858
-55718 832
33319 -4330
3815 1831
-5685 43229
-756 48648
-10532 -27720
-47719 -35458
-3178 57740
38613 -30369
-14796 9375
-57691 10343
62919 52148
-45420 20403
-46099 -26761
31628 56464
-39882 26331
2068 33186
-10785 18713
-51024 -12290
-41202 54687
9180 27062
26557 31310
-63601 -16746
-58266 -50226
-933 -25286
-59175 -58123
-49931 -12819
-2914 5760
-61809 29690
-22239 -62226
6467 9876
46417 -35905
-1669 11675
-45282 -51793
22184 -31017
-27755 -36766
57986 -40039
-7126 57152
-39896 50280
-31174 1387
-12696 -163
-43503 -40018
1744 -52846
60711 -7225
23057 28862
58663 32008
-20013 3700
12782 20902
-7693 1665
-27032 37681
-11032 4518
-63395 7234
-7930 62145
10612 -41111
42090 31049
57968 -1008
-59906 31236
-64335 24795
-55455 -55904
-30720 28327
41856 -62721
54845 59145
-58810 16532
-18926 5504
58235 8587
29489 26258
17067 17014
-36401 52130
-2178 -28439
56200 -19472
1113 16450
-30775 19878
-24191 54152
44305 1428
58801 46454
-60001 4516
62855 -60728
9610 41779
-15393 28941
-49431 -10481
-44617 31415
22337 -22501
16325 -6121
46282 -35028
-13453 -26100
-48319 55567
22596 46501
32754 28449
54540 -7578
16254 3732
12320 -25458
65091 -60906
27226 -48758
55916 -61815
-15525 12565
-10547 56298
25232 -33984
13986 43381
60631 34766
-24941 -25148
-63435 -63276
10811 -35884
43492 -19847
45838 47975
-18140 26934
-30281 2745
-51972 -19769
-8458 -34369
-17081 37017
47497 54724
13731 -51250
3897 3529
-28581 -24686
8118 56500
-736 -61548
44834 -23971
-52583 -3299
-54682 -61222
-56847 13822
9469 -1178
50435 -55357
-29484 -20516
-63015 42085
30940 -24058
34217 -15334
8669 -119
10275 45725
39924 59394
-20925 -58302
-37370 22261
8167 -34173
-52487 20131
24802 60245
-7050 51980
-1617 -52216
61306 34938
-43243 50757
51316 -780
11454 -13882
-60742 -40788
-38778 -32490
1220 -65088
-41105 -45756
-61166 49501
-25739 7803
-64744 51646
28105 27299
25942 -47428
-8326 -31696
62044 62370
-14020 56596
-30854 2473
-398 7944
-8188 -12644
20321 64027
-15938 17231
3482 -39364
7220 12967
-44215 -30967
28638 3610
11609 -3391
-16738 8505
31951 -64961
-23003 -12339
-32253 6660
-23759 -43073
52540 30601
17900 52351
-41241 23998
35858 25650
-39082 -65367
-8979 -47485
-57429 13875
-37579 36643
-61146 9921
-21545 -59851
-58557 -44149
49268 16225
49447 7163
-18411 -5411
33580 21947
35818 -5358
45727 44572
55310 26824
-28679 -25754
13904 63488
-40620 -39023
10884 1954
38931 -3468
-59753 19879
-60479 2995
7757 19882
-15301 -13984
-26506 35406
36432 -56296
61208 60571
35851 34322
-40065 -34993
-56633 60902
27260 10022
-14836 39778
-9101 -26929
56192 -53468
-7381 31016
55582 -42911
-9284 -42371
-20300 -36461
-27292 -28367
-33584 -18263
61762 48477
-34919 -16983
15399 -64430
-17077 -20082
63650 -54749
-35984 -35002
-56729 -6556
54102 -17653
48957 -19708
-54170 5861
40993 47871
-1133 -28286
62453 11177
40983 -3992
-23488 7977
-24586 25662
53962 25805
-59567 49998
23076 27578
9688 4640
48869 -45518
64682 42022
-4464 -40023
54620 63980
-29387 25879
9985 -17473
38262 -37058
-26711 -65103
-16457 61111
6005 -8347
-9541 -7943
25661 -51308
43104 -31665
43101 -29887
-52987 23845
-24853 -42328
-33938 34251
-4211 55569
47749 26554
-15803 -31945
-20682 41281
-2364 -42387
-19258 -51356
698 -18511
18341 -63593
41497 8471
50531 32796
54634 -27556
-29241 -48476
11559 42487
-16867 -46749
17480 -40385
27645 -62210
-60359 -19556
-25707 -43479
389 -26992
-53042 -54672
18027 -8437
-48701 -55403
32805 27973
-9496 29315
33645 -43718
50870 24285
-31795 27243
-59436 -36587
-60734 -34797
8440 46592
65071 -23034
-11000 -45147
-7614 5386
-2951 -2885
56520 -44215
-32118 -28255
-12499 -60215
-10507 -32696
-33652 18964
54512 17124
-39250 33893
-63280 30017
11942 -58157
25261 -37169
53269 35173
-14902 27217
13044 28560
-11414 -55857
-55164 -40580
24970 59480
-55563 33070
-17769 82
6357 1043
-55210 -30716
-52799 -32056
-43799 47775
59815 28589
-39257 61110
54075 -4596
-1161 17247
-40017 20785
-26986 9674
46941 -46520
35167 -24918
-30940 29992
56834 20306
58887 -32918
46730 25706
39231 56234
50275 33637
-59020 -10785
-17993 2647
21550 -62145
23236 4244
-52171 -56997
-27628 32461
56420 -21371
34306 37798
21883 -6194
29085 15910
53608 47973
34808 37118
-59108 26315
-60153 -19711
26997 37609
-29291 -60872
-33103 20449
-46351 -7816
26756 20022
-21462 -20082
34654 52570
13967 13445
60246 -13953
19702 -43341
38207 49811
37145 -4841
-13755 14517
-63409 29565
43100 39035
480 51480
49175 15367
9314 54345
63384 49383
-55622 6487
-35985 -61072
32718 50708
-57929 8220
-58741 30361
-52338 57170
-40002 61546
-62112 -5845
-29883 54045
37397 -42328
51562 -43800
-7205 32086
40484 33808
-37055 1057
-60321 -29212
16564 41846
30003 5925
-8127 40850
26506 -34380
-24367 -12545
-64709 -7256
12207 -31266
913 59348
64114 8802
8278 49457
64732 -48602
36467 -13148
-46383 -14948
27195 -48424
31096 -36024
-15157 -35206
40110 -34545
31850 -21739
58245 12943
-30694 46890
9312 -47046
61301 -43807
24766 -5852
7429 -33734
-42738 27348
52199 43035
24926 -23111
39526 52472
19841 -11576
-44563 -26621
38683 -31556
17068 -11024
38283 -46632
31726 22395
-1152 -32682
-55541 6077
-41556 44600
26108 -45628
-21126 46707
-57146 33427
28062 7367
29883 51866
-18756 -8292
-41156 -57414
33369 23672
-5330 -36780
30019 -878
29854 -18925
42879 45181
-3478 10975
-56360 -13445
23787 12358
-2019 -36849
-56534 -27351
-7048 -33470
49208 13469
18099 -43604
-63840 -46183
51271 55188
3211 -39285
-48514 -38097
-29883 -54800
-31337 -1476
-13006 55479
10323 44677
28838 3635
-16145 45112
-6099 -7750
-7196 19015
5955 6446
-34940 -59619
-25258 -45139
-5437 23741
31692 16227
60406 -48889
-7296 15589
62388 -25179
-6952 -55499
48342 11757
49598 64860
51418 13399
55025 45151
-11043 16183
60846 47211
-63033 -7608
-8381 5154
41169 37538
-25366 -40326
-61950 -20392
-11732 12278
-4085 -59153
-23294 49293
3477 -2880
-1861 12366
-25858 -29452
-18842 49208
-11296 -15662
28609 -11875
-25732 50681
25552 -54788
-16020 10111
-16350 -45566
3136 -10735
46503 2771
-24913 15250
52933 525
38968 -868
-33334 -49905
5982 6510
1346 -32999
37243 -23437
-41407 -20043
30631 -58244
-21119 11681
60409 -32601
39137 41237
60487 -2844
-4778 -23094
32077 43314
-20199 59514
8122 -27501
56034 7371
-18457 -17386
-18935 -61678
55864 32339
-20845 -44243
64396 -6604
47431 17298
-38876 -3581
44884 -20547
-16633 -50176
-4954 -48433
-32438 14644
62845 1099
26740 -19365
64312 -31430
-51495 -23997
-21303 3125
-44586 -5911
55784 -41206
-61847 1715
40960 17792
-33416 7849
-10710 27595
-23066 -3541
46314 45685
-41704 -32826
14611 25824
33400 22591
-62448 -31924
18402 -6275
36831 24261
-29981 7045
-19088 -1394
51039 -19947
-6120 18728
-20991 4087
-45449 53926
-58098 36258
-13294 21752
-17122 28114
-39453 13073
-62189 -26175
5170 18471
62408 61679
-8457 26202
1034 9929
29430 -4853
-35346 -10485
22385 -58780
18103 -28908
39114 -16879
43158 -58095
53453 -31535
25415 27745
16205 36969
17038 -4289
37224 -33765
20746 8590
-45650 25005
53178 -41580
-30313 -58060
-42619 43564
52911 -56136
-53278 -18044
17120 -20448
11941 -528
-57247 -26577
33540 15106
26969 32411
-22703 41741
54659 12946
26822 -38794
48365 -7484
-36463 726
-37390 -45293
-41189 28528
30508 -58103
25907 13557
39979 -11785
14226 -31581
-8265 -36851
-51343 -27160
61206 17424
-6113 -59573
-31816 -61038
30672 -18044
43517 17642
64718 55242
52951 21193
-63813 53775
17359 8382
22958 64098
19623 -43446
-62990 -52604
58522 -33064
22930 40177
-15109 20681
44310 15770
-24046 -18584
-36350 -45065
-9611 -59551
12209 -20313
-23322 50632
48826 -43733
57074 59403
-50265 -28842
-18664 -19939
40123 -21385
20380 42553
29967 9352
-8655 53004
-39973 43155
-18705 -28348
-24754 -15761
-24224 14873
-14449 3783
56642 9957
-4998 -9353
55543 -51155
-3723 12122
-18751 26218
47425 -51586
25377 47272
-30396 -45692
-23818 27979
-59591 30613
-14782 52525
13932 -59162
-55520 32905
43807 52552
53314 -39727
-37602 38554
-45199 -23757
-49521 -21319
29559 -3161
-51883 -24258
-64188 58528
-48036 50056
33606 35127
9384 32451
-50771 30129
24450 56570
21660 -47207
39320 -63166
41321 24298
51998 -37590
-64967 -20470
-22501 -14003
11096 52118
-43764 37978
-33464 -8573
47453 -63915
59104 35413
-52487 -29995
7225 49663
35406 -57893
2721 -2647
-35433 2014
-28987 7853
28944 -31155
-784 -26182
-50275 -46912
50376 36268
-26185 -14947
63247 14710
-52291 40721
829 -36942
56085 39738
-58560 -49530
2780 -39980
1772 -32416
-51445 29791
-45307 -37087
-23711 33960
-49458 65282
57388 -50568
-15745 35686
20916 -12208
58140 43068
4488 -25050
23719 -40608
37956 30069
24715 3262
-22577 -13709
51572 40161
-49802 44900
-25992 14238
45011 -7055
-40349 -3592
21417 44334
-40792 51450
39457 36736
34959 39326
-22404 -46682
8836 62379
-49837 35824
-57236 -64977
-35868 -56906
-6952 -6438
-62570 44410
28762 -23934
-22408 -45553
39667 -65208
59003 52729
-21096 -18779
-16328 -64270
39816 10681
32609 5738
22841 22283
59126 49917
-10476 23368
-13587 6661
-56861 3670
-22283 -32144
22867 23586
-30652 38517
-13313 5983
-21404 -26716
-9273 -60412
-34730 -22470
-21987 -36636
-57207 49476
33009 13359
11569 -48590
55941 31679
-686 35265
59025 -3261
18065 7307
22933 -40254
-23410 -16437
35858 7399
-62946 38759
-37510 45102
33220 -60986
-2946 -45335
14986 19083
-23446 31393
-18221 39784
-44465 10053
-35557 -57847
-59529 11720
-63712 32089
8184 -39295
59200 48151
-1929 -17144
-20313 -56304
-13300 -36756
-48319 19566
-53162 -17585
29648 -63002
47083 42481
-33325 63640
-59789 -53262
-28011 37698
41590 1415
19827 35504
-60411 55188
45713 -19380
21065 19458
4364 59134
15148 -13013
7556 -63648
-25976 63989
-27198 24761
-36658 57927
-30460 12339
-3047 43247
-33772 -32052
48637 -42064
30818 46797
-49985 -64187
-65049 32173
47339 6960
-56126 -37932
-7960 -49430
-5011 -22170
7422 -30663
14764 -4977
-37949 59588
15215 62420
56208 -42537
-64873 33269
64037 13988
-22058 60703
-54172 -23281
-34999 -41118
20894 -850
31106 31567
-58619 -11828
-11063 -40420
4043 -9867
-49312 -6916
31016 -11792
27191 40644
-8019 26556
-64271 2254
39071 30887
38620 44093
-16031 15431
48773 -32332
54014 7446
39941 46869
23224 -17754
10423 -65494
55382 -11964
53144 14980
36423 -51310
44525 41963
33758 -5928
-41747 -53916
-10877 42679
716 -61388
63325 44212
-3600 39240
19561 45272
-34956 -45975
-35061 3444
-29955 -5603
-16217 -7275
42797 -4214
23869 22746
18317 -10084
30313 37777
-62319 30898
8633 6471
53261 -23451
-52496 37777
-3319 -50639
-7877 50963
44963 3542
21175 -21090
-29159 -288
-52434 30501
44333 65162
-34323 -50412
30971 53964
-57885 53716
50528 1300
-13781 -24061
33436 -52611
21770 -15854
57983 -23545
28043 8670
-2274 -33507
-32284 -53011
-62240 36522
-48990 39161
35321 12723
-29449 -23056
3888 -6659
39779 -31624
57094 19333
64727 -11845
-28722 65502
-8798 4899
53602 -55925
-43203 -7043
-7713 -50622
-12755 41307
26213 -2592
44492 13020
-4750 -53181
55097 -30084
43022 10102
54413 43182
30571 -25802
-1899 -13121
47475 16473
51510 -54849
-51690 -26089
-54848 -36686
39889 32515
13014 49575
25678 -8563
-37487 50514
20249 -50347
-3428 43462
-23759 26210
60359 7174
18101 49612
-40154 -61457
-23670 18871
-23818 6394
-43163 -46177
33944 30175
60554 -23966
-21921 27610
-37947 28543
-42852 -47259
668 -48531
43050 11835
-57975 -6087
-34880 57092
-27008 14866
-1084 15700
-5349 12087
-56050 -35721
-45993 -51947
-47039 64589
53986 -56660
58566 -34005
41824 -13935
-28868 -2988
-37861 20798
-19638 -39737
-41225 -29346
41350 -58616
64690 -23479
65038 9359
-20072 -1027
-14840 24826
-43918 -35204
-1770 -47411
-41289 52279
49690 56380
-23105 -27023
32232 -11800
-36037 -58763
516 -18885
-58920 -19484
57757 -47618
-54430 59203
56974 -19982
-21072 -22209
-51225 57368
2137 46249
27918 34763
-6856 55681
32764 56882
-61955 -32717
-10531 49889
-39882 13907
3377 -22947
-10559 -52421
-18093 -28334
15878 -45052
57142 -55624
-61736 -44129
37132 43016
39111 38679
-40440 50798
28559 -6675
29970 -5526
63175 12745
-32040 65257
16234 22212
-6399 -37300
62810 -53510
-53768 -9506
-7114 -37346
-65092 -20421
-53809 -50420
47104 6646
-51812 -56026
-21072 -2092
-20433 24103
-5803 -7710
39545 -22259
21267 63060
-4678 -48766
-12929 14891
27909 -28774
56214 2935
-49839 14954
-645 16076
49570 30043
-35134 23662
28003 -48819
-37842 62698
-41504 -44369
-17599 6851
45383 16949
56981 -7027
55651 36532
-19643 61265
4402 -23575
-18378 -44692
985 -13419
23177 -38386
42777 -45209
23017 -25703
-42092 11999
-62519 -35955
-30495 16350
-8212 30812
-63345 -11821
-43525 -28586
-9566 -61696
24812 -41218
22459 49496
7949 -59334
-48688 12438
-29685 -23092
6584 -21568
-7495 60483
-22844 -35778
-56027 45326
-42139 -60327
35812 27229
46395 26352
41224 -1185
-35801 32245
54120 47452
-47485 -25781
30265 6592
-63662 -12967
27940 -40567
-12778 34384
65429 -10686
39284 -1502
-11027 -27173
26489 37931
62063 -52581
16850 -54646
-36963 37749
-56211 -7990
-54413 63597
51239 28558
29543 -42078
42476 -43548
-48053 39323
-53255 -60942
-34090 -9021
-21223 59405
46871 -47561
8682 -14689
49225 42830
40418 39458
-48753 -61980
-57288 41223
6707 -63930
12704 7688
-52997 56259
48705 34437
-13165 -121
57292 -55980
-51397 -64886
-18330 44601
37017 -23842
-19750 -55889
-2843 -9037
21801 -19081
10840 41592
-34738 55781
-16632 -44576
-14896 41298
-44399 -50560
92 -54783
-30884 -17547
-59906 28210
-13247 -59948
28300 33429
-10475 25865
32607 -2279
-15050 -48799
45831 58866
-15782 -44913
-25071 -30667
-41788 -24642
37500 20966
11910 -37750
7438 59006
36055 49247
50457 -26087
45625 -39852
-15917 -48373
1865 -26519
-65131 38033
36738 41056
22961 51510
-47169 -61460
-58384 -6884
29879 44784
-38346 -44769
19028 61268
35402 -18642
30268 24528
64938 32413
9185 52801
-50503 19047
-3065 29302
-34215 -42939
-20392 18888
-56981 26536
-45613 -51057
-902 23823
37281 -23934
886 -38300
-59859 -5600
47616 -55796
55826 -2744
18907 -56165
61576 -660
-61304 49539
48157 -26167
-56810 -28432
54221 43410
55902 42869
827 -29163
16816 -4743
20287 64919
-6772 300
-22153 12499
-40182 45108
-41032 -5796
42142 22719
-24914 -29759
21380 -7699
19341 -26536
45014 -24391
54875 -60324
-60325 -35800
-59570 33465
46895 -1743
-28176 -64385
40248 49856
-54075 -42216
-10786 57766
59088 49664
-35675 34981
50830 -46078
61172 -60470
62908 33625
-12785 58366
-8743 -37917
11053 55569
-10933 20860
37285 -38284
19308 -4025
52270 -9116
-62853 49435
-6589 -42659
46711 48584
-64297 -3
3412 59176
36720 34869
16806 -43841
-1354 -22791
32445 -51497
-50818 48249
-43794 61876
-24517 -18228
40945 -65062
-9652 -13302
-40417 51337
-59455 -2948
62937 17649
-31402 -47908
18598 38777
8018 -4362
-17970 -5757
-54330 -30048
-26069 29666
38157 -39497
49699 62691
-20841 -37316
-29365 -5421
-50420 -39286
-14159 -20635
-27454 60088
14359 -32477
29222 21168
-22937 -47474
-25111 -65016
-5031 -52403
58587 -29201
-59755 34558
62976 51825
38434 63586
-61283 -13389
-53501 44920
38472 16949
44199 -4277
710 -17614
13275 120
-2924 63829
58345 14648
-129 12520
-46627 20560
852 -60883
-23087 2201
55292 -15226
32365 60727
-18489 25659
-53931 -16352
46398 16682
64314 1717
-44269 -52274
43405 -32466
25381 -51607
-11552 -52463
14780 55354
-44088 57352
48863 62704
-14933 61022
-37192 -28437
11407 -1926
-52916 -42251
-23913 41318
-31638 63624
-50973 -24379
43215 -17912
-37197 53274
29132 -61559
30062 16093
-42568 34597
-31992 62806
30325 -9437
19762 -11973
6640 -63938
-32219 -40957
20248 -53123
42048 35148
48113 -17936
38503 -51644
-28359 16037
47240 -62062
-55509 -21210
-55069 -1129
-47836 -38730
-17943 -54213
-1378 -27739
7121 11263
51277 -43502
21215 23498
-31804 34107
-21460 24160
11593 -11814
-45133 29939
2340 -35846
-10621 47603
44397 63881
-27958 6237
-4346 40411
-15718 -51145
2996 -42071
-26895 40254
-7900 6304
13438 -64616
34672 -22020
-49230 30121
20259 -50563
-65490 21769
-49572 -13496
25682 -35319
-14782 -52240
-58115 -5062
-12322 55947
-49550 -50967
-26137 -31
49860 33342
38431 -57209
-35997 -5857
15674 -27220
65320 -34677
6403 -15818
-65198 30539
-50388 62742
-9641 36300
-60152 45534
58501 6416
20462 10897
24160 13931
-46716 57846
-62051 36927
57600 46681
-58461 51196
21920 -30859
-3621 54782
-1293 -35601
-29107 12831
52427 55621
-50359 -29050
4262 -46953
3855 -22688
-27381 -8737
-59741 58064
22329 53489
-28884 -28124
52280 -49699
47028 -32745
11686 13189
-64415 58675
51409 -46715
11184 -41310
26570 19214
-8932 -28952
-40975 31617
3929 -61958
-9648 55786
-20523 14109
-26174 33100
-50701 -53522
48481 -6487
17170 -18489
6014 26845
-37088 -25460
53464 -24949
-23581 -18260
-15504 -9416
61666 -18144
-55754 23141
37776 -37059
13281 -33095
-19061 -18878
17423 28732
33990 -50936
-39244 40703
50487 -41629
3445 922
-35761 -3775
10802 -27346
61586 65232
13347 905
8508 8776
-38204 9307
-23651 -13576
-7625 55611
-61420 29475
-7426 -62301
3303 29827
59989 -7971
-1088 -55930
-25317 -51753
60692 6594
-52028 57472
10812 36074
-8007 -21464
-50251 -44099
17749 -51929
-64675 14391
-16421 42479
-32746 34717
-43434 -24574
-23188 47345
-39338 22715
35007 -15866
-30415 50367
22611 56534
-47371 22627
-5057 -16389
22782 -21231
-33510 -60800
4667 -24196
6472 3200
-21102 4316
103 7248
28318 51357
-5528 -7948
-12503 -5832
40382 -1291
44637 -40997
16096 -14136
60606 1326
43917 -64537
2466 -53712
29202 39698
908 17850
-22441 46242
-16540 19325
21974 59090
-22263 -40703
-11482 -60685
-37029 59762
13704 -21654
-26253 41618
7407 2728
-14644 9006
-65242 -11218
-35498 -49280
36860 -50402
-34536 11622
17516 14425
1781 63728
15681 -15162
58172 18838
36316 54020
8140 11822
-6484 -7754
7255 4156
-22821 -13538
11994 14598
-61792 52474
-5388 10924
-41353 -40962
20463 -44819
-10377 -53099
57867 -26245
718 28020
6453 43110
-22857 20255
10719 36517
-20433 -32156
10184 -30202
-25831 -41855
-60710 12118
28962 -57715
62278 -29829
-1869 46909
-59652 -48366
-26090 -56527
27107 47900
-36962 22492
16524 50263
14544 50052
50066 31038
-40995 60365
-37789 26724
24297 60686
-42043 49865
-19466 61703
-60997 -30001
-8119 37319
-9407 -26046
-10404 61432
-31260 -2327
21665 952
43390 -27035
10120 62089
27867 -11580
44832 -25725
-54976 -32998
63095 -59808
10445 -33382
45505 23768
-41928 50516
2480 -53379
-2528 47329
-55896 -43320
59904 14181
31254 9751
-23402 62814
5659 -42773
54258 -11969
48762 -22222
-52903 63784
-2389 -23326
-16724 -48842
-937 -9401
-33763 -44467
-37047 64420
-31050 8086
45931 -48120
39099 48138
-44228 63900
59912 -46706
28180 -63689
10416 -35832
-26740 -32747
19294 26976
38083 -39051
20457 -39025
64222 -8258
-10642 -40658
-64952 25845
-61118 -26059
-6546 23773
7894 16783
-20036 -56379
-59045 -34367
21514 61264
-18414 13644
58733 6585
15937 38186
58654 -3064
54410 41170
51895 32813
-14125 -54605
48480 -17180
-45891 -19916
56256 -7647
-55002 50452
-45136 31357
46538 45767
64640 32883
-15351 56782
-52580 44654
36113 -37909
-49529 -19051
-2056 -21348
48368 61780
15386 -43150
2857 -14640
49930 -59093
-4076 -46960
-61455 32217
-41515 51933
-59461 -58477
-38368 7268
25041 -42567
-25636 47960
13516 11657
-61111 -51551
-33063 4299
17732 -14259
-6996 43988
-35111 -4700
-34384 15822
8710 -53130
-64824 -4240
-40773 28863
45881 -2543
18134 -37248
-12132 -26182
34603 64891
-12826 -42295
29118 -26440
-25863 -40682
46096 -7639
-15076 44231
56460 53246
47485 -48202
-33828 43641
12589 8340
-34563 6209
-11937 8091
-38230 21239
-667 -40366
-9211 -3283
56341 -7949
-39642 8706
-4765 -19543
58034 -20516
31101 -61386
29044 35737
5256 41482
-32471 39204
17954 22412
-43782 9766
-55385 37380
150 -34123
50208 22664
2381 -16275
52958 -20209
-64186 -36380
30613 58992
-63685 7158
45173 -45795
65008 -38001
-28588 48202
-44539 -39301
31225 18676
-49358 17556
-2447 -32249
-15823 50659
8242 13712
36126 42632
-24547 -25704
4031 -23968
19908 45891
58190 34704
4520 49295
65116 -22212
-46158 -41980
4095 48009
-24805 61472
42260 58173
50016 64553
-14090 50858
25601 48330
47583 -64542
-40195 -54533
-16480 -48827
11690 -851
4847 -33870
-8861 40652
62440 35928
43169 -41576
-15004 -1883
-58645 5883
39654 -47260
-56355 29757
-45194 -33227
-4470 -48873
-3399 -19739
-51750 -13249
54430 -26954
-46778 -48935
26829 41766
50824 33489
-58935 -34003
10016 -29437
-60654 16642
-43337 -40506
63810 -45361
-64426 -22295
7497 -56691
51736 51545
-20581 61575
-5721 -19063
43444 -60439
-30532 -37128
41036 -48140
-58533 -1879
28059 -48979
53927 -9693
39138 51172
-44977 -43958
5402 -25525
-13851 8764
39791 20833
31621 42578
62101 2928
-7584 -47246
-25799 35774
7366 44195
11895 -24143
24180 53212
40781 49393
-5561 -5860
6401 39992
-9989 12609
-59899 50143
-25710 -9637
31377 -2357
-11592 -10560
8638 615
-25375 15656
-2813 15272
24419 -52149
38103 -3325
-34019 -14298
-58816 -48869
-42984 -18938
-37332 63548
689 17015
7658 -14735
-30562 -26610
13355 -17095
-21421 -2503
-18769 32171
-22767 -64743
25522 14899
-49947 48404
27248 -3735
-11705 29275
20448 -1475
50133 -59533
3325 47382
55229 20604
36488 -23210
12371 38462
62633 2451
65210 -52082
38486 -58256
-34886 -24310
-11121 24141
4661 -61674
-47486 40861
26378 -9132
-65105 -30759
-57882 19640
-31326 -35018
-41679 -21119
-48584 1695
26691 12945
61758 -33394
-3817 20506
-24135 -49937
-53637 9747
-9373 18417
-25122 -51843
53915 -49358
-32187 -567
-44705 -29464
23372 64949
-44576 -30530
-48899 -36974
-11748 61315
-32062 52130
7679 20415
64239 -21880
-27448 47419
61542 -5949
20005 -34678
-54442 -13501
56268 -54959
-12709 -60105
-45227 32044
31272 -4689
52344 22843
50845 57886
-65201 59072
19464 20423
-49994 -1132
41224 -7027
-35468 -21936
17894 -19944
25466 -62430
-37834 32593
-10719 39804
12619 46096
16783 -49504
-12124 39547
-28355 -44559
25251 -4522
-17442 54478
-60828 -65117
45253 3636
3745 22047
-24276 -25720
7154 22134
29163 -54580
-58021 -42235
-56461 -59335
-27341 -43367
-40081 -59080
-51683 -12898
27848 -47346
-10916 -1
51137 -27958
38842 -9047
32458 -57842
-53319 13207
-34371 -54631
61435 44704
5582 46495
-63737 -2473
13021 -37126
19023 -34596
13617 23918
-38569 65195
64252 17438
-28905 -11873
-61551 -42055
15069 42922
44693 -18237
56315 -39070
-33676 -11627
4245 -60266
39378 -7154
47258 49560
-19456 38743
-3162 3604
-36123 30002
-34600 -13342
-14267 36726
-47015 32541
-46151 -827
-21156 -649
-45860 2973
24492 14492
-40786 -63825
56034 28661
-37556 -12902
21579 -20628
-1918 -25750
26307 -40003
48584 5300
47821 -18889
-12632 47870
-48438 44891
6099 -52203
-13478 57512
32811 -57187
48363 22594
15151 59224
-22940 17863
47767 11251
61701 62376
-62197 -52280
-16113 20941
62639 -29316
-10407 58388
20773 -23879
-54264 39462
-22257 39856
-18896 6234
58190 -31239
-34682 29909
35134 -673
64347 -17458
11598 -20358
-9993 52407
-13640 36863
-54924 -51160
1207 -31105
-48382 -10257
42562 -33622
-18398 -16047
-62629 46714
-5164 -24956
-46564 -26547
-26543 10569
-50666 20630
-13023 -3283
-16016 -61902
63332 33239
-53644 49680
4936 -60583
-31006 37427
64454 -39010
12907 23872
-41676 6799
-5262 -49353
53569 -44684
-44148 -3049
-14993 -10734
35752 59913
17136 61988
15600 -17787
2331 -37104
-23999 7719
-15582 -14163
39414 55503
-25581 -30481
35069 29981
16704 -15786
33008 32990
26302 44640
15291 253
-36091 57408
50260 -43544
58051 -51073
47872 -50960
-1928 26027
-12805 -44356
46037 -15089
25414 -5965
51539 -44036
-24107 28745
38475 -58586
-18094 -18760
-52953 15455
-25287 42971
-59065 -31489
-14025 -28285
-18671 -41856
62230 10093
46344 -2751
58286 -17521
-28349 4302
-7413 -5447
-7298 10969
-13553 -14246
31114 21663
-19843 34573
40286 39379
-43743 63838
-33140 -32740
26434 -61647
-13487 -57888
-51912 -22965
19607 -57302
-61672 -25205
51418 435
49327 -45232
1809 -7632
31833 56977
-38175 -65494
62069 -56199
-13190 -20167
16920 -26098
26296 51988
-57070 10824
-45336 10352
39610 -8913
-30657 -44680
48639 36513
2066 -45096
-17414 53573
-63825 -49261
-7609 -16601
57668 54870
2122 -28558
45317 -62357
-16661 -44893
36664 26818
33785 -2523
60294 25904
-57661 -41437
-10103 43476
27195 -3609
-17170 -32789
-9903 47822
41196 43184
-27649 10125
-56781 -36222
31524 -62713
-63667 -38298
-29859 -34600
-62686 -35567
-38639 18218
41438 -64310
34270 7126
37174 35425
58823 -31766
5465 6149
16979 57653
61521 -5926
-57114 57948
-2992 8880
-58877 -11371
-660 -14345
42328 -45630
-52397 31586
-9530 121
-2909 -45471
13819 1597
63563 -59195
1003 -54036
-46658 50506
-19035 -48533
43262 -20719
42900 63566
61657 -6014
1014 31738
35016 -65330
-42669 -17686
47364 41254
44836 -11229
-43991 -62338
46309 -15531
9571 -41083
25938 -42198
59445 27117
45456 -13543
-2785 -25392
29175 -50474
-52277 -12241
18595 12553
-42098 34618
-49086 -50564
4502 -38292
-50675 -36686
-29082 879
29922 63567
-8829 -63440
54250 -15881
4140 55048
24829 7911
-6743 43723
15261 40855
44269 -55571
57273 -60584
-24066 1483
25502 62073
-43318 15720
7517 61158
24485 -13570
54169 -9243
-7831 -21560
2171 54892
37508 -59193
38289 61886
-59856 -6195
44299 2939
-28482 -6095
-33922 -34125
-48966 33121
-15163 -42811
44212 30773
24264 -4377
-50565 4534
-55031 -25240
-57503 -46325
19059 -16463
56121 35051
-40186 -55433
-16940 59298
-28005 -34462
28148 61497
-63807 -15567
-11950 -1404
5698 25276
-949 -54381
-50381 15527
53402 -3973
-9534 22778
-44342 -3909
-16559 -64385
-35667 -9213
46321 -41516
58742 33785
7931 54541
55845 -58203
-42896 -7164
-59723 -33862
14622 3093
-60762 5882
-27917 -49089
-41948 -47289
-27474 -56720
-32887 -3878
-17963 -54571
20989 -11573
-8743 17780
21457 41393
13270 47312
-12129 64433
37808 22093
-6183 -18034
-26248 -44606
58094 11498
-26008 -47913
-59080 61852
-33610 12816
-26762 -50452
58038 60969
-5645 55909
26648 10708
24894 27147
-34832 5603
6211 -24284
4006 -32355
-19385 19797
-41922 -12012
-49510 59500
35494 -39230
6552 11424
-5357 11889
-13489 -18967
-8975 -24651
61779 -33749
-4280 -31720
35007 49285
-8680 58274
-1293 -14951
-58396 22758
38134 22667
-24389 -30262
-12401 -26192
11207 27113
-38620 60082
42949 58910
39491 -49288
-21180 50454
60202 -53695
58964 -35306
52623 -33148
5148 -8967
17761 33405
-62832 -40781
9888 22381
21726 90
-59773 53667
20573 -12021
63737 -15469
17289 -55974
-17574 -64414
30819 -58825
55628 -64701
10833 -9144
65199 55777
50104 -43334
-43062 -48570
-35389 -10337
-52442 -37958
54523 52924
61682 27
-24827 -24522
-6283 30052
-22723 28271
60205 -13040
10973 30484
-4475 53228
21195 31302
-48726 -2560
-57211 44540
-18472 22066
-17362 -525
57546 -60913
54113 -28769
-13584 -55252
-39322 -32526
53435 34209
-40735 -248
41514 35603
57246 -28870
-45068 53756
5157 26045
-31971 37733
-48603 -52139
15502 -63372
62139 28233
61240 -65160
-17737 -22924
5320 16108
64675 33125
-50510 882
55808 -16838
-58135 24244
-32466 49116
-59957 51741
-22282 60909
-30819 16947
64414 47290
20306 55854
16377 28762
-62195 59942
7715 -20600
-10562 35800
-64368 20640
-23469 -15214
-24004 -38222
-36867 -34881
52056 -21235
-41649 -25705
-8963 19102
7081 31949
3059 23784
-2229 49497
-49047 57008
60887 49695
-2762 55358
-33571 15637
-5343 19310
-58767 -4871
-11572 8614
-47136 55718
-23694 20128
50665 64609
-34692 -34860
-25946 11843
62483 58225
-6202 449
12445 39366
47948 22400
44979 43341
60934 -39267
3803 8650
-3096 -59498
42641 -34192
-36502 -10411
41038 475
52903 -29360
63364 57698
-2315 38784
28192 1940
5791 -62166
9394 -22988
-39385 63185
-29993 -7238
19562 50153
-35418 -28395
-2347 -4055
-11793 -18152
-717 -50311
18595 -46926
20986 -27891
-38422 38363
5168 21021
-61894 -19827
-34143 13824
-53405 36874
-6462 60812
-63022 27637
46993 -10568
56759 56736
-29816 32001
-35812 43058
50342 61157
-22826 26622
-64895 60655
11519 -4908
57669 -20909
-61184 -57730
-32666 -59389
-7917 58293
53148 -35046
-11015 -63701
44855 55423
37054 -37649
-16017 57469
-30420 -22965
-34418 -44061
-158 -43464
-64482 63419
37404 -6075
-16083 -14905
-6408 10868
-60973 53894
15623 -10745
56230 -50690
54586 56613
44436 -61759
-23482 -53870
54845 19264
10899 -12926
45292 -25734
-50050 25089
37918 -41533
31238 -4053
42935 4039
-3969 51744
48064 -56150
-54913 24535
-3594 39593
-10759 -18063
35270 -1882
1403 38109
-23696 26107
27095 61054
-59502 62294
-9154 37334
20863 -23024
48458 14327
-16294 43513
-10270 -1821
16763 63353
63593 30539
23944 56414
22081 -15158
33514 -46264
38587 63109
6022 51187
53068 51211
24263 -2170
9874 34775
2411 -9057
-27871 -11259
51086 -58638
51269 -59364
43421 -48804
-3174 31314
-35131 35044
49842 4136
65230 55204
20286 -27092
48615 37782
23140 -5594
-22886 16438
25853 -1953
-33529 -27832
9160 47937
-9807 -23643
-42639 -29655
-27178 19507
4544 25374
41540 20150
61784 16
-10415 17915
2890 -46375
44597 53484
60546 -35503
62228 -10578
42248 12648
43071 -55882
-65461 -28656
-22986 25414
-22246 -33757
-1648 -37354
-14068 10204
34969 -24874
63307 -51074
16219 -40894
-21831 -18810
11198 -64873
49387 -9414
41045 61373
-61417 37103
-14216 -1997
9619 -61308
-38865 28166
-17302 -47714
17309 -34844
5134 -48355
-7464 -49219
-64631 -54440
-65359 -48437
11050 56773
-19882 44400
-45493 -18570
-11314 -22093
31366 19016
14097 19096
-11395 6408
63791 -56349
-64163 33631
14806 -8662
-35244 33049
51069 -31927
50525 7713
-15833 43044
52745 42217
-62059 5939
-47260 48107
23578 13549
-9638 42094
-18509 -3901
18059 49571
49700 55849
-32994 54432
64226 1153
-55245 -17155
-46084 564
-45554 22816
-58082 47679
-33435 -2928
-18748 -13061
-27901 24403
26928 -47760
-49277 -59201
46929 -61264
33967 -10742
50879 -16386
-40471 10461
-36921 61527
23138 -37269
25799 60650
-64265 16404
37132 -39258
-58098 -36181
38554 -28730
-28030 -39521
-30538 28338
38234 -10569
49555 -65015
47979 9135
63408 -10471
-29560 -33559
21410 12148
53449 -21676
-26630 24601
-21906 -32219
-22039 -17892
25594 -40946
-22134 -33100
-23884 40961
10790 62225
-39171 -44008
3008 -20696
-52180 27777
-45233 -53347
22302 50754
51951 33744
-38354 -35034
-12616 -23250
-17115 -9465
42632 37699
-42066 16274
-6507 11996
-27086 64578
-60754 16005
-20570 62239
44292 -16740
19751 3169
-27969 38216
50095 19644
55004 27688
60348 34065
-18769 -2340
-17436 -45294
55642 44776
23001 -52817
-1199 -13651
54130 62475
24832 -57296
-47209 56200
59133 -29490
53321 -55794
58203 -43951
52108 -5640
44874 -24569
-6287 -15876
-54324 49053
36822 65480
54590 52696
32743 33130
2676 14888
-46147 43874
34606 -11656
-4266 -55021
-27359 -7506
48557 40827
16616 35001
-46111 -6535
-5407 47334
-33892 36167
36945 -55761
64990 -1314
-55742 52857
-61102 24978
45668 17040
46128 63753
-13681 23599
51914 56589
55675 3878
33593 -58327
-20167 62930
-40907 -33511
42740 -9501
-52387 -21258
10666 -17130
52677 57247
330 43480
-42423 10834
37327 6244
-7559 -26501
35237 -53516
13247 7115
55792 48540
37383 16452
23567 29254
34141 64452
50968 36521
-3373 -11983
-37384 -23907
17103 20014
58289 -45066
-5021 31317
19576 52835
-20367 64391
-20363 56854
-28132 -32412
15652 -7799
-39624 54904
37917 -45413
-64687 -20934
-63432 -50024
-26014 15174
-5609 54930
64572 -56271
-15050 32292
-26735 -51266
-46984 27052
-25444 64805
-22582 35156
-14160 -17735
-48450 7161
-9960 19896
55965 35646
-29068 -43751
-17077 -65161
-24721 -48668
43858 -32340
-4839 20109
26646 24118
31970 -64512
-59378 4052
-28206 38744
35221 39349
-25912 -52080
-57675 14454
-12416 -26700
40198 -15900
43017 27128
-23628 50906
-59166 -60803
29497 -53063
-34193 -7973
-54137 -34176
14217 -33846
6832 35048
-63836 -55192
10195 19920
921 41008
65163 -20038
-23333 40147
15274 13634
39723 -37567
-4527 -50135
33428 25125
-62548 15186
31001 29683
47820 606
-13312 -24669
-18958 -34976
-42591 -51915
43955 33140
29823 -42426
-61963 47968
-20812 -44337
-2101 -1028
-3309 -48525
-35859 24438
-61178 33619
-32150 -34862
-8841 20961
33055 -17419
55570 50033
17765 56605
-35374 51768
48352 47550
-61746 -61320
-16965 -10384
16495 30468
-15014 -32184
44052 51570
60368 18515
-38593 30446
-56767 -39212
-17467 -52070
58282 -30532
11346 -49877
44255 28137
7742 -25246
14725 -11344
-5545 -23246
-17712 2168
55662 60387
-46881 5351
-41963 -65060
-11905 42584
-30587 -41892
-42398 -57135
-51324 -18297
41767 34200
31079 -52242
-17427 -14023
12890 -64996
-22317 -14468
-64168 16956
57043 -51123
13469 58415
-56150 44017
-2569 -25571
46967 -49822
31192 32054
39092 -5473
52021 46466
24515 53242
-31036 -39179
16151 6221
32152 13487
-34397 -8249
-43700 61911
-62159 -27727
-65443 53767
19940 29983
-28050 14576
-62623 -54960
-28961 7414
26880 -60224
-7509 -50644
16643 51234
45755 54807
-736 47363
32016 -42662
-45215 -8381
-10532 -43839
-16396 48884
47817 -27878
43304 34179
45406 48817
-19639 -8819
-1291 13660
14367 -3291
54554 64038
-12980 46115
1592 -14381
7695 -40267
8562 53687
13034 -14785
56844 -45911
-31002 -10881
-49380 43458
55340 53892
26497 52069
-8823 -53859
57731 22258
59625 -12375
-63258 10821
6679 -58011
29380 -31723
54373 48208
13436 -30756
8922 -43226
41427 52162
-8569 -21029
39960 26483
-21572 -65489
-15511 15758
-23270 -24094
45211 15964
-62629 -38567
-46609 59622
53105 13357
36230 -45135
-21974 -42329
3424 -27624
-57029 -8665
28699 58109
-56626 28706
25685 -24852
24626 25257
19403 9932
-54931 6191
-55260 -26280
9292 56488
-52620 35907
52723 -13514
16011 -39099
-59846 -28739
-59312 25962
25065 7745
38934 38597
36971 -47357
-63762 -60541
-3778 57800
-64201 30671
16828 -6455
5153 -44933
55091 -11099
5668 -38891
-34996 55501
64951 51306
-31340 54308
-44854 54829
-58497 61786
-14399 -60385
-7873 16333
-8208 9704
-28215 -40118
-52644 -7787
-62219 25058
16527 52124
-38698 41210
-10121 26076
37537 -25054
-55939 5481
-55463 15631
-31911 58846
19389 -28338
-32264 -1790
-54271 59694
-22858 45390
-4278 7074
24284 -58474
54305 -54899
-15345 -2061
-37108 39002
57987 61241
-29534 -16330
5538 5466
41269 -40083
10467 44488
-38167 -58708
-39688 43421
-1728 -50195
60606 -23931
-60433 -51396
41617 -64144
-3413 -32439
51693 -7774
21407 34674
-25935 -49919
-60193 -6643
3375 852
-50891 42396
62544 7482
-7869 21284
-2328 15477
-51456 -48074
-52824 64601
34783 63035
23714 -52814
11385 32265
55834 -28366
52688 -9275
-39360 47346
-58226 -54635
23578 -57395
-58810 -44409
-53547 30494
29445 -20356
30835 9643
-13672 -43558
23394 58056
13083 12149
47253 -52579
-14863 14262
18285 -58280
-51844 1935
-32771 7822
-51283 58965
35005 17416
-63516 40828
59130 59041
-50171 56554
7972 14468
47357 34459
50388 -13757
35812 -3198
5265 64330
31970 7573
59861 -19025
-26041 42048
44278 -5149
8431 31681
64755 -52297
-3084 53974
55616 25024
-36012 -28487
-14626 -20682
41981 42093
40057 -5913
-4996 37084
-55103 54303
-47224 -11282
59108 -21239
57769 53074
-54754 50051
47901 -39240
-53069 -47590
-40094 62037
21483 -46207
-33658 39715
26879 34507
6602 -58891
60040 -11827
-41827 20776
22896 -56253
-40251 -29345
-42521 27646
-58381 6637
-33874 -18373
-46373 -40972
13186 39255
-38544 -6023
1370 51698
-33605 63021
30719 51251
45518 -51838
27173 -58360
45157 27880
-45487 -10308
44010 61962
-22100 -35911
-56668 -63153
-924 -23841
-48875 58666
-26423 51605
18640 -53277
-22650 -2125
13848 43422
23293 35484
-15003 64334
37907 -38749
16871 -31437
22729 8058
-3384 -10630
-32825 35058
-37823 -37629
-11176 -16258
-8292 23220
-46196 19165
15985 2283
45947 -43890
53902 -17843
37902 45017
-52942 -26301
-34521 -9760
-36578 -34014
24316 42863
47317 26151
5000 -52143
-17958 53988
-4187 5
41923 -45299
-53066 -13690
-9523 59094
-39449 -22679
28868 -37651
27038 -32596
27719 -24163
55512 39813
36655 39797
-59303 58074
