2385
-18558 9671
-65449 37218
23945 30001
14273 -49693
-35009 -56434
-20726 -18041
-41475 3926
17039 -60176
24147 -19138
-80 46962
17248 52372
-52152 47269
37236 -31066
21564 -14164
9481 -16667
-26295 -32339
55409 21087
39808 -27444
43167 55259
-61612 58757
-54248 54284
-35103 -15253
17313 12621
-39624 19363
-43151 -32454
52965 40315
12881 -47566
-46413 45812
26039 -57178
-38382 60159
-43893 50
-37611 -11525
65394 -47352
43598 -40900
5126 -28197
51966 32050
62979 33005
57852 -30275
-15908 15827
-50444 -2318
-43830 903
39618 -15828
54834 -31105
-50741 19757
7989 -32763
19938 -39302
-59943 -21812
-5692 27041
-13645 -30361
52034 -46202
-52806 -43843
46804 -33653
-34734 -16962
24458 56148
-7062 -58734
-16066 -31718
-11862 63366
-41646 -51673
31665 54893
-58678 -56944
-54589 -38285
61435 -37770
-56908 4404
42778 -53807
35441 -24398
-7444 41252
7206 -12983
-3081 56807
-43458 30261
60903 -11539
-52940 -31004
54782 -63103
-50713 15714
-46486 -703
-27406 6634
-6158 47537
24744 1404
-20954 -60800
-44267 59127
-19289 34795
34227 -65013
64100 -9946
-37344 35722
46588 2575
-23182 -38298
-37936 3012
12257 -63741
24933 -40074
56655 -54233
2827 -39969
37267 -27196
6578 -13909
38451 28481
12252 -5608
65410 18466
-47716 63421
-7655 62256
-21078 -20242
-20790 62396
44881 -23021
22242 49938
19389 -49767
-43955 -52291
38361 -4265
-51935 -28283
-6828 65470
-17523 -55757
-58305 -48288
48382 -43986
14277 -29390
46089 -36351
5951 62929
-9825 40513
64057 51999
43037 44446
-32131 -11168
-3919 -13965
58733 -31859
-32994 20682
9088 61234
5201 26699
9436 60683
-32060 -35142
51443 -38548
-51885 -3867
46304 33875
12722 29914
-53887 -48478
21802 -13952
61328 -45477
46128 2615
34822 2415
-39524 11045
-10462 25754
-32635 39370
43835 35233
24880 20303
37934 31256
-12944 33266
17951 41713
-38328 14407
-37811 54697
-21205 2113
10175 9422
25502 -20420
46336 55385
17978 18657
-13776 17793
-30354 -57837
27526 -65133
-30373 34902
-44877 -55254
25825 13111
-44663 39546
11590 -42017
-49857 6915
17124 -47056
3206 20833
-35252 -59791
-25433 54881
27803 -11941
-63726 -64531
57079 -26028
18329 -3962
14559 27185
57323 20193
64465 24767
-212 -64330
-50460 -22829
37239 56920
39852 58081
-23701 -16696
17161 22475
-25050 29562
-8510 63622
-12190 19918
-63607 -18208
-40339 46611
-26818 -43870
-58439 42165
-27737 -41441
63155 24046
5632 53719
-13303 -24322
-26144 7164
28226 24027
-41193 60824
1211 -10351
-31403 60851
-37651 -45208
43086 -46328
-58875 -62125
-61140 13901
-57011 42996
-9709 -55555
-33734 -15461
17536 60262
-1815 -29413
-4349 -41350
-29059 -17928
-62655 20967
-46366 -58809
-3569 -61906
24995 -28520
7370 -49036
-16673 16525
12740 -27751
-37396 -60451
7806 62036
29577 36057
-57 795
49576 -62310
64634 18763
-33943 -34686
36017 25998
63493 -23943
10078 -58609
2037 7561
57601 14250
-51118 -10833
-62683 -36165
6450 -59277
-36852 -45709
-45175 -41681
-9385 -41830
63661 -41084
48262 -20667
16109 36177
-57349 -59495
27856 45815
-39998 -3982
29563 19409
-63378 -22888
-36759 -38618
-9779 52645
29737 56368
-31026 -5780
-33627 21312
21325 -32231
-51123 30208
-59077 38925
21327 -62528
54034 -53504
-20789 14062
-20520 -59945
-45416 60033
43330 6068
25242 63655
49608 51713
-26185 4551
35014 -38435
-58639 -51074
-19015 -40182
43831 60512
-39275 48176
49107 -44481
1740 -15857
22277 48691
16365 -3574
-31646 30822
6218 50975
-21383 25151
-30681 27984
-31073 -48558
39406 -18506
761 59973
-28174 10456
36077 -53987
-3804 4990
40165 16692
-2451 -64880
35545 48260
36885 -26987
-61719 26627
51361 48653
61691 -3097
2576 -60687
-23392 26953
-1006 -25170
-4086 52160
-1709 -41979
-17722 -4680
-36655 62734
-40231 26306
-21090 2459
-26287 -5712
-42318 32101
63607 -6261
-4520 47290
49663 -2945
54451 -45612
-7144 -8844
49277 4705
1147 45732
13864 -15891
-46067 -63654
3737 23779
-53345 -48572
-31003 -42372
-5973 55717
22038 32596
-29574 14995
9706 -42676
-40881 31817
25164 60353
12415 -945
5761 -14514
14424 41581
13419 20824
-35257 -13840
15338 -62944
-37624 39056
-64265 -40603
-64452 -45534
47876 -21034
-46795 57956
57251 42340
-50348 -2399
-2165 -34302
-9722 2418
20787 62325
26568 -49764
59124 6254
-64045 -47577
-34330 -3822
20381 -44578
8632 -31477
14101 -31502
-11656 4962
-60879 -34010
46948 -36982
60301 -62370
26404 1703
-62394 -52640
-50462 6935
5147 7110
33638 42396
-54105 31598
-52052 58824
29110 -26124
-32494 -14886
55069 26048
-18207 -3637
-38693 -8803
-53066 -11084
-42112 47238
18714 -57477
-54730 29617
748 -38525
35331 7008
-17335 8231
26001 -50349
-56347 17818
-32446 -49317
10778 -2194
-32285 -28753
-13614 -33409
44404 21765
47338 63517
-40032 26273
27181 36892
-26790 10202
3564 -60159
32703 6604
37805 29159
21620 31499
14853 -40927
-20603 -20023
-54916 37469
11560 9044
-57192 2462
60827 6269
41402 -45559
63212 12134
-36777 -27956
23186 48799
-61575 -11326
57914 53664
-47747 23992
62667 -53081
-3698 35810
-45583 -8168
-50032 54286
-15560 54277
61838 50043
33800 55694
27693 -57869
-55203 58477
25517 -22279
64302 -49223
-52810 -2200
4127 62651
-33503 11437
-58899 -18876
-44489 -42581
-38603 -14389
-30883 43532
61815 64278
-60720 34396
-44185 -10107
-13250 -1981
-30617 21086
-54743 10192
-16308 49763
-6328 -56503
-2264 16419
50863 -40018
21265 31923
-43010 26082
11850 9977
-33118 45110
18717 20683
-29793 -4268
63339 -26786
8241 40169
55727 23179
23328 -30520
-12004 19492
17369 63352
-14721 15978
31733 -39352
-54501 -54763
16870 -2242
-41665 58344
-43006 37778
30037 19690
60758 -65141
30668 -57249
-37560 -17491
-45457 -6791
16833 1635
26384 -37805
-49880 7590
-4524 15316
205 -28224
-28740 -5064
-28445 -58918
-19776 -37590
23685 4170
44168 -43116
-1572 -10499
16952 7096
-1946 58086
-36844 -16552
-163 5471
61918 32643
-52244 2113
29882 45521
56779 -27257
-50896 -58264
-52134 -61105
-28589 34816
8840 -59016
-22432 -19801
28705 -60074
29477 49724
-48264 -19366
39828 25302
-12140 -39960
7213 4075
-15625 -64531
-3648 57290
-17601 -52818
-22534 36426
-56341 -62319
45179 28247
-42817 18913
58821 20326
-17126 52306
39245 6174
62615 -39684
3654 51951
-34141 5256
-31824 59027
-8736 5463
262 22850
-31936 -23099
-28848 37157
6686 -33536
-3168 49678
-36509 -34042
49367 -41432
-64393 35482
-52549 8611
-51523 7190
23930 39915
57736 -35155
-44451 -4318
-54447 -17128
-1870 14564
39303 30862
44053 21895
-16273 -62623
-48520 -31671
20363 -12312
-9007 2929
42341 47435
-6984 3326
26507 -12687
36600 37879
-59466 16898
-31819 -36724
851 -23047
7241 46160
-27487 64498
38361 55354
17021 42406
-38110 53267
-25940 48887
-45839 49015
-30605 18272
30610 54755
2330 4922
18599 -9857
-21830 59112
-61556 -7964
52833 61739
57514 61616
1758 -35960
14605 36378
4680 -11101
-58328 32342
32982 -29848
-25020 13949
-63861 -27491
-53423 2775
54903 -24920
1608 59080
-63426 -7864
550 49360
61434 -5904
-38944 -42097
57113 33903
-37533 63637
13443 -28561
-47781 -53057
57576 -18126
-7928 -790
-60369 58815
27356 33426
-13632 -1953
-20785 -49149
-58621 -15419
-33966 56285
8456 42357
-50029 39417
-33308 33728
-63616 56123
-19095 -43454
-47844 -44004
-6251 -37028
5866 -32603
-20506 54361
-17562 4729
61112 -19916
-57920 62383
-54638 -45332
-11473 -3483
54632 62233
-63592 -8959
-61524 24639
15159 -65022
35511 33311
18709 29308
-32527 6463
-57072 -40837
-44545 2256
-5627 41374
-19722 -41670
63272 -51979
-37715 -30681
-65124 32924
-63947 55419
37067 16118
-60155 46409
-15558 29231
43963 -41365
-15727 -1610
-31028 -39937
57606 13381
-32178 -64775
-9053 30514
49728 2018
-41292 62103
-7214 -20498
-36330 -55959
-65284 60746
-3191 3800
3044 -44491
42663 8733
-2306 40868
-25322 -7696
-848 -3595
-7482 -46002
30394 -44941
52842 -13644
-41934 -25086
-3615 -63703
48109 30423
-13334 6730
33247 -6489
-42190 -11271
-47644 34613
-48292 54873
-63658 -44463
-39041 64071
20206 -37587
-40110 -62327
43745 -42315
-56774 -37708
59246 55757
42740 -32004
4998 6865
-48209 39085
-48646 -17426
-22586 11069
28740 -17435
60790 6461
-27824 24839
-25650 -64106
5821 57495
35723 4328
-50231 4422
25232 23239
35078 3850
28551 54097
19687 -8464
-34313 -50179
-23754 -16500
-16736 20233
41448 8973
-9482 41955
-39288 26037
-3851 6424
-58318 49139
4960 62852
-3329 49069
-21699 5438
-57482 62977
-44858 62727
-63505 -32363
35809 -13970
-63052 35657
42422 5811
24410 -52677
-50034 16841
22996 -15628
-48256 56833
-12580 -3262
13409 -10787
10357 -16369
11737 -33411
-2260 -23720
51754 -63552
27126 -31415
18418 -37685
-35276 -17913
-3108 42834
26795 12649
45984 21098
-4694 -36129
-30206 -5436
62666 40242
3702 252
-33290 -63515
34639 58154
-17261 47285
64486 -18165
12911 -37881
-32990 25900
-57535 -47053
-44603 -2057
-51193 64957
-28595 5027
12934 -52770
-26390 -48386
-56620 -14528
-24913 -28779
43012 6862
-6857 -4421
10232 -17770
-4736 -20066
58899 -54249
-9206 -30124
17997 6296
12224 -39393
43079 -41886
38622 3562
26214 -19854
-51720 -55775
-57892 18236
58909 -28123
26698 -60619
15916 54586
30715 -3401
45067 -43331
32432 -42578
-51149 29746
13182 -38125
-353 -1074
59698 50232
-50967 -43020
-52321 57230
-38423 33026
-29142 21856
-52002 59165
40745 12921
33124 -18494
50559 11650
-49256 24347
-60630 9421
55945 -57636
39822 -15037
38327 56201
-42251 -40212
22096 -47559
-16541 42658
26246 -34201
-4298 54350
12344 -55936
17565 -6951
5468 11623
24585 -35289
-47395 9204
27671 45181
-3882 16521
-61303 -24219
40320 -37865
-57350 32529
59201 53204
-13110 -24634
-30101 -61665
61087 44285
4607 36759
-21230 -34337
30627 17647
21341 50235
38435 -49246
27674 -781
-46985 12001
58609 15519
24734 19706
35237 -10182
54107 22598
39750 58211
49284 -23538
28100 -37823
5242 49080
33213 6823
-45329 -62455
12888 43227
-36569 -26754
-38709 -15868
-29176 -45766
-55749 -33771
40671 35513
8115 -61759
-4369 -13961
-13928 50937
62699 -669
-12744 29074
-21360 -25627
-52544 53691
41198 23789
60278 19165
24613 9962
-10919 10338
48086 -5958
57344 53094
61352 51962
30225 62131
-23085 -54792
8201 56024
39320 -3870
-58047 -58702
46037 59652
42468 64323
-15768 -38781
-26456 57168
-56418 6081
24313 54938
17599 6081
-4544 -62780
-31670 42803
65084 -22983
3993 -38530
-46920 -39545
-2955 62349
43932 14309
54432 -35544
-48260 11432
10273 15008
53071 55116
-46582 49897
42473 19861
-57276 -51981
40375 34666
9636 6458
40210 43960
-38395 -37180
-343 -31196
-24279 16462
34216 4394
17219 4807
53895 22069
-53966 -16271
60550 6151
-60371 -31484
42144 -19570
-35570 -49333
10200 -12733
46367 -13448
-23210 -9891
50299 10714
-16848 -9279
23798 49203
-2663 17949
26504 9007
-50628 22538
-29692 37569
50099 19127
-25440 -44749
-64072 7138
-46044 -21639
-6837 -11318
-25026 -11772
-43366 45706
-12904 -56834
40708 -40730
35928 -23813
24509 -16477
-52161 -58801
-53994 -45731
8629 -57644
58476 -697
-60876 3336
29255 -9273
-12263 39781
26624 65488
-24536 -47083
11583 10832
-16688 -48326
65238 -46908
24563 9168
-9252 -35174
-10781 30264
-21146 41270
42787 9710
-13478 60398
-57870 -40267
-53203 51987
55866 -44318
63378 -40759
38307 29681
14558 -1732
12996 -56592
4741 18312
-21642 -18365
29288 -18523
21122 17614
55144 -38256
-50211 19533
12496 1399
43319 52395
61883 -11538
48378 -43006
21067 -39826
10816 -6381
55090 -2646
-58701 18222
-9136 -31572
-38591 -49415
32007 46067
47781 -60649
32858 62831
49424 -921
-48466 55933
15401 -37267
33266 -20948
62731 -14476
35251 15553
25341 53344
46483 -30910
-62098 63722
-19359 20211
-11854 -39313
-9558 35734
-33437 31713
54845 -22315
37968 47775
-58259 54358
63240 -57982
-7961 -36934
52534 27127
6488 -37715
-23776 39379
-41608 -23702
33241 -23608
-26811 65514
-28201 -37612
-64223 -24637
-60962 -25470
15300 -37191
-60045 -59471
13646 1884
29990 643
-12812 52622
-44095 6561
61840 -34818
-6184 -6740
37725 65402
6798 -23175
-32549 4375
47013 33267
17713 -42533
7400 -61986
-44861 63555
11855 -47049
-9681 -58497
-7257 20150
-23227 53086
49576 -52233
-45732 21750
-3679 7126
-817 -2144
13233 53071
-45895 -2630
22685 27689
4603 52057
39150 -36076
43350 -50376
-65504 -37893
-21617 -60294
31876 8439
50282 -56262
38698 23316
-27735 -8432
-59325 -59551
-50054 -26296
28655 -48501
27502 63800
-60390 60726
51052 38612
-53653 -28543
-59197 51000
9286 15137
-16843 -37122
50069 12007
28240 -17992
-63005 -11715
-41465 -33467
6569 -22540
42006 2125
26571 19419
37117 37920
-25978 793
-14271 -5244
-36935 44417
28172 55625
49494 -11587
32782 -5698
-11438 10758
1670 52635
-26319 -48645
-16165 -33479
-39779 38701
-13032 -60779
17470 57589
-20766 13810
-4934 -50477
32261 51001
43305 51649
-47388 30951
-55643 -7717
25260 -2495
16800 3163
2913 3398
-11735 -47352
-65387 52790
51479 -30136
-6029 -50955
40949 -61789
39376 -52287
-19321 30938
33736 61796
36485 -49960
14650 59783
-15819 -2905
8819 -5614
-56417 -39697
-25228 -22458
23461 -28095
60867 -37640
60524 -872
34875 -49460
-56498 44842
4587 -33174
50978 -47193
-58119 -5687
-39326 -31645
-8696 -31076
-34239 37240
-57353 -56077
64194 17475
-64240 48350
-4553 -30081
-657 -42589
-35760 -56461
-61160 -61181
-16931 22682
15097 60488
8388 15510
37101 11239
-29655 17951
49748 -30466
10227 -11392
48014 -45238
2870 -32279
-48024 -49363
-18802 -16737
-35266 29815
58063 -64991
-14080 59875
-56231 -40681
-18111 5514
-14845 -31099
-34227 -17005
4380 49542
19654 59857
12704 -51585
19952 -13634
58202 63403
57701 28370
-7870 -28614
36021 -64424
-58661 18120
-10731 -21924
-16785 -26346
-63283 47960
58954 9937
41370 -47246
6186 -5746
62401 61834
-55839 58756
54927 35848
-48605 -29260
56402 -18103
31993 60348
24483 -62641
-10631 20618
2580 -18832
27766 -17021
-36497 -61495
4469 38985
-29482 -16479
62439 39787
-21483 60948
-42211 -56437
6341 63993
-2105 -37013
55067 18507
26783 -54776
-24108 11902
1763 -63475
-62963 20612
-415 24504
-6147 47975
-6912 3400
57893 50216
-38213 50779
-62939 -43908
53168 -60644
-22023 15033
54155 23479
-65051 -38654
44203 60095
-732 -43946
48161 -33791
52650 -7090
62567 -1543
4272 12760
-27064 -15227
30687 10131
-1178 -31735
28641 46045
20583 -17966
24429 -13089
28651 -21847
3711 42703
-17922 -14143
41392 -6930
38806 -427
44827 16020
-15237 63661
31251 -31576
47580 32038
-62790 57379
-40456 50844
-30534 88
-47040 -62645
-2764 -44363
55095 -19889
-63156 49518
-52008 9967
15675 39119
-39131 -9382
-38722 7894
-49071 57999
51282 -26269
-18754 -16831
161 23740
47128 -9430
-18915 -38681
-44853 -25520
64488 60583
20670 -46233
-58913 -39787
11023 -34936
-7438 55614
33664 -12696
-31563 -50050
25797 -8858
-6417 46519
-10521 -15715
18809 -11348
-56766 35936
-53894 -28173
24344 -39444
-43346 -59306
26314 39453
50831 -55577
-42366 23674
-57211 20545
-6193 -23814
-1327 4149
-30061 -17952
-11447 26813
-8452 61422
18354 -3792
-11149 -10266
4899 -40523
23104 56320
-62869 27516
-21487 33322
-48380 -28937
-58690 -29234
-59344 -32475
-32490 -45263
-33222 8156
11116 36896
5826 -42484
56815 50849
-12970 65300
55642 -22527
-29567 -21830
-7870 -64397
21960 -10927
52093 54424
53255 2014
-19537 37381
35267 -47230
52877 -29017
31227 -24590
-60481 42192
16138 -44525
-60331 47864
-13985 56777
11230 45482
-28501 -13852
44251 24006
40523 -2477
-42178 44169
18580 -13919
15462 -57020
-64855 42291
30917 -21652
-10980 -24345
-14790 53691
-22019 18865
52403 -59143
26396 59390
-17475 -54514
27754 -28560
15773 18299
-3655 -766
-61492 5785
-17203 -39210
11921 -53003
-39499 23443
17529 64585
-63394 42886
24184 49505
51812 -30702
13047 -26075
23863 -4121
-58758 2201
47287 -11911
-17224 -60292
10094 -38194
-54947 52291
-15483 64010
48522 14096
-30027 4766
57092 -57127
-58039 13055
49394 35422
10508 35183
35680 -25489
-19353 48431
45334 -1732
-10068 24495
-40665 -39555
51198 59004
-43959 -5485
-182 46531
4938 37812
39047 34974
15453 17361
46447 6514
60491 19687
-10401 -47374
-31392 57548
62425 -18308
9112 -46782
30995 41402
-62672 -18429
-29413 34352
-59276 44450
46726 35569
-41355 5046
-20649 -4481
-24549 -53739
-53087 21094
-43464 -19715
-47892 -32413
26177 -10194
-23494 -37100
-64093 -13602
27890 -37391
-28426 -42584
20194 7533
-9633 -23478
37891 36778
-41993 -8926
-62076 -62012
38825 -55422
-45547 -14009
7108 -45885
49902 -36647
-19945 -41304
40779 -24330
-43982 -29959
-30479 27206
53053 -32747
-402 -58409
15571 34236
-326 16197
-19619 64327
-56338 -17801
-18971 63620
-49259 -10124
21754 46791
-45681 23484
62267 56148
-39733 -61523
5433 60613
-64930 25672
-664 62787
-26848 2982
-39417 57117
36920 -53369
-2015 46803
7389 5272
-20162 -15126
-7391 37064
31446 -48896
-26025 -59763
39789 26025
-9001 -49079
625 -515
-65390 -20493
-47868 22636
5391 -57183
-9153 -34922
-59394 2557
-23669 -49618
-47587 -444
36947 49075
-64764 -3347
-20254 -62908
56702 -32378
-55075 6869
46202 48119
61047 59578
47904 17183
-46610 -62494
19518 33539
-1714 -22130
-36448 -16459
-32748 -45952
-57598 -19368
-9045 -24388
20528 -57727
53435 28410
35030 59668
-48432 -172
10997 -23070
21585 -37770
31131 -27880
48564 -25680
-62214 -8734
51029 -49670
-43826 -13753
20580 -26153
-62484 -29775
34337 32997
8709 52648
-29181 -1288
5208 33446
14414 -18256
-61291 21451
43786 -61139
35968 20144
-51423 23954
49294 -36620
-4153 -3907
-49641 -53320
43058 51477
-30852 13960
29021 -14757
-57545 2524
-21192 48983
-52367 22511
-34092 50896
-49086 36025
-45159 24717
-34477 -42465
-54871 15901
-57185 -34366
53344 62659
23178 28119
45883 8194
-40785 -9384
7782 -25437
-48004 37864
51057 22101
-8912 6268
-3119 -40069
41312 56430
42577 -41731
-53664 23713
-49030 54535
-52357 -36080
23244 23756
9137 64959
19784 1539
-62757 52679
-882 -15850
-64142 -24809
57934 -12440
-65250 -56667
42489 59543
-55762 58207
21264 -50503
48921 -32248
65392 63344
36588 31132
-46377 -6928
6329 -7740
58431 16028
60640 11846
3101 -65072
10884 7700
49086 59685
-20688 -6889
-21658 -33997
49554 -22690
15190 31587
7675 -1962
-18812 28250
49857 -54159
16081 -19555
6646 -53272
-32741 23977
27404 -13984
-64280 15378
-50508 -16988
5367 -32607
14217 -8490
11365 12543
37984 64436
-63825 7979
10887 -23393
-12687 -61579
12189 -50040
-3469 56420
27490 -15974
14651 48122
228 32727
1844 41280
19888 49846
44990 -42850
19211 -6870
39052 34675
-19600 -36230
34898 -23472
34431 -10152
-55525 -11532
-35453 -65235
46826 -3617
-54260 -38546
33472 8233
-9172 -42156
-65535 60262
50444 25801
9039 -19289
-28442 -3128
-49776 -48836
-10345 52978
-15027 -24489
63080 39433
64818 33985
-24014 51930
-65326 8937
47324 -36714
-9414 -56188
-62728 -62198
-20614 53846
-31653 48721
-11997 -24041
46365 13938
-7420 -43308
25306 -38507
51483 -2706
30783 47582
-42039 -48498
-29694 -57311
-35649 21490
27984 -8654
54140 -29796
-64957 45413
23722 -65416
-20127 45825
-4800 -50078
-50440 11651
15068 22868
22812 14087
30457 -60854
38103 43407
12292 56258
35798 -63481
32850 21035
20227 10639
15778 8502
42878 -59811
63514 48359
-29220 41742
39539 -60421
39004 -47759
42448 8055
32600 -48849
45172 20696
25089 19543
5567 -23380
-18932 -18100
710 17354
-13771 54485
-8132 26948
-2140 -194
-39813 51222
14079 54009
-40269 -27690
8630 65440
60715 -53514
-37655 -54914
-40625 27187
3564 -53303
61535 -43772
-19519 -3146
-27457 -43372
52517 -17611
-18061 -635
16459 -8629
60876 -23521
56625 -6723
-11849 23957
-14536 6911
21181 56108
49293 25244
-15634 3268
24306 18409
38077 -48444
59251 50577
18515 27378
-7509 -57570
-38177 -11916
-37658 36647
-48290 -14795
-61139 -1066
13831 -34962
57940 -14027
47905 -63316
38164 -63101
-42833 16966
-25494 -60906
5787 -4420
-56398 -34816
8628 63694
38661 18011
-6889 -10039
38702 11134
-26079 31803
-5118 -40356
-35854 -38453
56862 -1299
-54590 -21097
16351 -47093
-23140 -62619
17549 39759
-35135 -45312
-33704 17045
-25399 -41920
-17945 18015
-7260 5033
2625 -63664
36855 -16932
-48170 -57159
28045 -55053
-60038 64555
-14088 -38153
27324 -13149
24199 -447
-56480 -16421
-38661 39726
-64234 29804
7392 -55764
42098 -19598
24745 -61831
-2192 49321
-35009 -33959
16203 -45140
-51084 -46063
-64879 19759
-26912 -46706
29668 -52291
-2868 37399
63789 41578
-45369 -29039
10650 62226
46623 3691
-15397 53045
-64862 3477
6218 39410
-53589 49394
49510 26618
-49487 -43058
-1146 9485
8245 59059
65481 14633
16718 19452
-64560 61038
30603 11854
57708 57001
22954 -52751
-28161 56075
-34201 30665
-59063 38044
-28642 -19080
-22729 -24086
-1587 21058
12275 38044
-27520 -22921
-29945 -24764
7742 -4426
-30752 -13053
4543 27901
-28777 46221
-11801 44585
-44490 36871
-52417 -63986
31134 -4196
64217 -27785
55364 37117
5790 -23103
-53642 62591
46943 10526
28110 -2548
-41148 -59164
-8540 14837
-48020 5439
31355 -24820
6638 -27698
44373 59619
-60931 51082
-50346 -32851
-53915 39582
29395 -2414
-58869 21147
-39299 24369
4501 22468
-19098 -12399
17427 42303
63797 -31037
-27726 1425
-11091 26410
13730 6943
23591 -17586
-42447 -15105
-23192 24799
-7040 11594
56062 -39743
43088 12256
-32912 12549
9440 -52385
-58714 -18058
-30333 46842
65340 39289
-3250 1468
-22142 -41182
53674 59342
2690 -49584
-28875 -45685
57432 17859
17087 50227
-38382 -36408
-12035 23381
62655 30580
-11640 -3894
39746 831
35103 -47919
7890 -9067
41664 50290
-24584 25939
-4648 46340
27967 25308
39272 -8269
54182 -14085
-53437 -3469
20331 -65185
-38036 -41690
-5833 -29315
8539 -65420
-40730 15156
-54709 27268
28563 -37893
3194 19160
59771 314
-18331 32766
-63337 5573
-15099 45009
-63005 -62056
9312 29569
51242 -24293
49075 -54525
-44816 23050
41224 59496
-2079 50077
28368 -308
39987 -50261
53695 -19133
44693 57662
-49436 -56154
58615 -860
-15320 30049
41357 21792
-16147 40324
26496 -46678
-39978 63902
-63156 -18630
38414 -41589
-28066 32203
-19142 46656
-22673 64208
28054 16776
-46778 44487
22804 48979
61271 6499
-49656 58138
-45823 50345
-59920 57013
8151 -44451
32692 -4473
-51530 -43237
32596 35482
62608 -27976
16166 -29239
-19571 63178
49327 11510
13777 -55437
34327 33905
-13023 1851
-18245 -54546
-43921 63551
28661 -41323
-19589 14558
-19887 -56152
-23162 -54689
-63968 6001
17886 -60689
-27884 -16249
-32461 6052
30856 55947
32464 -38661
29013 -11847
-15173 -22143
-13794 -41013
-52963 -13069
52008 -27057
37332 8898
-3165 -13401
-22050 57918
53646 -41475
18546 23842
-49027 53541
13101 -64360
10424 8318
-33187 -49100
15430 -31219
13825 31392
-35869 45603
57713 8342
14939 -60013
-16592 -17081
62604 19173
35099 -46821
-16101 31782
45745 -22994
42126 -49765
-63394 -49021
59844 -41626
29112 2346
5237 -9978
55743 44862
26070 -18820
37607 -24540
-20975 23952
60951 43561
31018 -54277
-9364 -29055
20656 48152
-32285 44652
-20723 -62933
-8985 49542
36869 -63672
-65351 -27976
49191 -20615
38595 15909
31911 -64911
-28842 -48128
37353 53512
31894 -65275
9942 4872
58135 27835
-49133 51189
-14973 -11523
17071 -31596
42251 -4636
51763 16684
28894 -65151
-46674 35136
48935 44632
-47454 28057
-49876 -54401
-55426 -36360
-42225 -21776
-40584 -8567
-39456 -53619
-62721 57885
-2154 42801
60149 5937
-54211 62063
-516 40726
-52101 52478
49453 -6429
33545 -971
43155 -65237
-31262 61520
51508 42411
-16356 44028
-34342 -24408
-7948 32084
-4270 -32826
3141 47870
-15213 -927
60048 -15765
8597 -57916
-227 -4508
51974 -20183
9160 -8064
-2026 36791
-8171 -20122
30578 24225
49665 22750
-31359 16134
-21736 64132
56478 22832
37514 52502
-38306 -36021
-43707 -2467
-47159 9957
-5781 -21871
-38172 3655
61017 57913
32104 37978
62813 36301
60745 -5893
-5460 41888
16009 45455
-20934 25911
-49014 50444
43683 48133
-4525 10060
-32768 42408
28971 34524
32784 -20605
-58417 -46962
59428 48454
41619 51230
17693 -23200
24961 8451
33506 53012
27750 25807
-40099 50526
-5485 17918
23172 47471
16184 17791
6894 2948
50578 14334
-63540 22053
49724 3815
-41167 -58563
-5627 -32890
-37998 -19155
24152 36681
-22987 -21664
5109 -13541
54764 35837
62356 35679
52738 57795
-3865 19708
-11695 -64727
-48553 53218
13878 -17321
4857 -18445
48971 -40160
-40154 -35617
3560 -10515
-53321 62129
36252 -37398
13432 23840
34270 -31698
1986 -4781
53940 43824
6506 -990
65397 61739
-25547 -15686
41385 -6965
49393 3255
20621 -15869
29943 -30345
23200 -60039
64897 16820
58059 6372
33789 2050
-33052 -29951
25663 13814
10268 54641
9337 28284
20374 -54540
62339 49701
2935 3722
26273 -57622
36167 64218
-9063 -20338
41448 610
-8383 13077
29515 -6226
52097 -45215
-60097 -1712
-54313 46938
-15349 22281
-49584 -59426
54794 1355
-15067 14400
26240 37660
13564 64320
-40655 -60226
25051 -7269
30175 28255
62332 15769
-44593 21998
-10584 -9998
21334 -47333
-17104 7216
-13161 -33394
47595 -18548
21582 10790
-49999 -10380
39890 5001
-6448 23235
-37086 -3589
-144 -58735
63768 6095
20107 -8669
64720 -54193
-33537 62986
58960 -36435
41705 54653
-8556 -51888
3087 55436
-59273 -51232
-2964 -35501
-31269 53251
-3634 -5125
58827 11332
36163 11411
3600 -8824
53052 -44499
-44879 15095
44205 20796
-340 -8593
43181 -49740
-1511 13214
52413 -61430
8558 -28745
45068 12271
-32533 -34129
35490 -65521
11570 -52127
37876 -19121
24839 22308
47825 -62339
22787 -15474
-30010 -12244
-64620 -16172
34395 -59475
-13464 37904
-53452 28455
-59106 19982
-52417 -37090
-46107 -18459
7713 39839
-56214 -28682
28488 30771
-14652 52211
54966 -4219
12020 -38439
47323 5278
-19004 -63112
-48215 -14454
-42129 -33436
-50106 12520
26014 64420
-49156 -43622
-50348 -36524
28377 41679
17024 7491
31541 21012
-7498 -60278
-43634 32645
-27600 -6321
-34857 -62722
8257 -17553
-39098 36167
1822 -16616
-27139 -41612
25235 40331
-9328 -2230
27279 25683
-27399 6224
17354 -9444
-37975 -54559
-60727 -11402
18966 -51684
21735 -61204
5730 -12362
-22785 45912
39145 -19647
61240 -22954
-30791 37521
54264 -63018
-41831 -20855
-1255 -18731
7108 41709
-12747 5425
57288 -11467
-17618 -52741
23559 -7431
22075 1305
54584 48859
-62195 -45864
-57717 44856
8651 25028
12090 -29881
15717 -35324
-10686 5085
-35452 470
-25825 -56256
14962 23373
-29372 29067
32339 -15471
-25287 26212
30427 27359
-34076 -56138
-2256 -65154
60491 40663
41190 13686
1014 -59280
-42350 38681
5877 29037
25398 -45531
34564 14529
2439 46004
37656 -60191
-2308 -32555
-29737 -21310
14617 16378
-21330 43635
-38869 53960
15018 46395
-57183 -57455
13934 -18989
-37737 24258
34413 -22201
-13677 -2559
-64696 39712
-31085 -510
-64674 28258
19806 27747
-47474 4750
-20171 11241
46669 -11036
8829 32975
-2793 46323
47297 51725
11793 -24238
49271 63935
-55193 48608
-56787 -53048
-35643 32871
1463 61830
26987 18419
-32084 -35197
13400 28617
22951 10664
-58583 -1008
25580 54455
-18909 -55678
55693 4081
47321 5412
52171 -6087
-44741 -32208
-17601 -15466
6622 4538
-4612 -14651
-44657 -11271
-53707 -45819
-6089 -36105
25893 -14500
10472 65168
62276 -34920
-39787 48046
31081 -11526
11361 -52292
50661 19309
49938 -40978
-10808 24160
57282 -11378
36951 26327
-42364 65533
41769 -59762
39021 32670
-46013 62914
-28283 -7163
-9600 -40240
-38991 -29125
23507 237
18223 -18703
21401 -44421
-11066 44288
4359 23392
-15135 -34105
-27589 -29889
8332 31951
50705 17695
39480 48806
-60082 -56630
6028 54501
-1295 -31289
19626 42714
27226 -41747
-15903 29837
-2674 797
-39234 -36899
-10393 -31311
7490 -53980
41827 24358
-61108 17921
-41504 12935
33310 -25009
-47644 -13031
-54804 -27936
16173 57651
-45815 -31511
-42446 -50448
43393 59515
17764 -22386
55520 1304
-22721 36914
43267 28475
-30704 48166
-2504 -57424
-7229 43911
45209 -2457
-6141 63651
26713 -36178
-59060 -52068
43543 -3356
5532 49740
-1392 -37673
33045 -16535
38621 4879
-1078 25872
-26556 4596
9515 53238
-6132 -10034
-58347 -2868
1 -63335
41543 -60139
64438 33111
33122 29743
-28675 -5138
-2029 -27931
-41661 -65303
40749 40457
-14829 -41423
-44957 -54978
-63295 14806
62694 60024
-5787 -19215
-36340 23168
-44831 -34492
29623 -26351
53352 4504
24153 1175
-55543 24247
77 57515
4283 -36548
42841 7334
-30923 18686
-26970 43317
-36197 -49160
-10109 37732
-11698 46436
47555 65290
17631 -36534
51681 50195
-28221 -29469
-47265 -14637
-13673 41036
-24444 -32694
56302 -25984
32832 -43955
6418 -51065
-30924 26655
12912 35073
21022 -7634
-19826 -37803
17900 -3334
8505 3394
-38350 58459
-58913 22311
-51817 59620
-9558 16910
19371 11696
37015 20647
-55 13750
54290 50306
59606 -25774
29028 -8586
-57408 42371
26345 -54864
42222 -49097
44323 34500
-32093 -40516
-31397 -22449
3417 -21228
-6484 6197
53592 -25641
-12159 27687
51485 -32257
40805 6467
-44139 10441
51198 -35614
-50029 46008
-26967 4154
26915 -32303
-35751 -27763
-51725 -56245
-23280 31975
45818 -35490
-11652 -36456
11455 45192
-20029 19428
-47271 65473
56903 8167
-56582 65173
9990 15363
-28655 -26207
-19514 -60048
36677 -2932
9920 -11976
-20744 54624
-13960 -17861
11249 41704
32003 -49365
62066 -34177
24676 57200
31592 54866
58461 61170
22997 -43980
-43436 14013
2185 -740
-29413 48981
65072 20481
-18690 -47748
-17008 8203
25751 -20946
10778 20100
-4538 59789
-4674 -57391
15379 -25937
64486 31924
7913 -53560
39271 51675
-45324 10627
-46994 -29313
29262 -57026
16507 47383
60656 14969
45261 32878
-13286 -59119
-34429 64309
-26310 24655
-44672 -47507
30893 26173
-27618 -62288
-16848 62775
-54696 48955
-63193 -59766
-62071 -63521
17276 352
-20823 -895
14700 6332
32021 56979
-59799 42555
6308 -42971
-6042 -15699
-56822 51216
-47918 -36548
-51906 23205
46655 -40242
-29573 -10785
23247 27393
42003 64222
60091 -30
62438 -20296
-17289 -15797
39595 30215
-7001 3354
-28427 64038
55871 -57478
-10708 -46140
-20934 32115
-24538 55038
-4620 25478
22726 36730
-65450 600
40139 61950
57476 -26623
-63536 -37261
12706 -23338
28295 -64721
12027 3891
53003 7380
23510 -18424
-3306 -52027
-48680 -55174
-44504 -45105
-51617 -2807
-25475 -11802
-18120 10376
12307 352
-55315 -45874
-32522 54923
-26750 -45976
61705 30582
6371 -35798
-46379 -18287
-47098 42135
53147 28253
57798 -20736
20863 -39694
34911 -19529
25749 -44139
-10160 -33166
-17870 52265
-46902 -24735
26531 -61945
12091 10302
10186 31782
-14642 45427
-7856 -24134
-54838 6974
-7776 47548
-53416 -15119
40414 -39740
5935 32086
52284 -42761
13143 3976
10735 -33034
-57705 52952
1162 45152
-2819 -5935
-31194 27850
-29146 54397
-1316 53456
56304 -35938
28201 -49933
-48616 -39381
-39055 36533
-26345 56607
-41960 27561
-39732 12051
-9878 -41085
-21607 37511
52519 -58306
-65458 57709
-47866 -30312
-59987 51374
55542 10748
-8680 -40389
35118 60304
56061 23854
-31250 24696
25390 -24002
-31826 60064
-35432 -24929
-25092 59181
47563 4367
-13784 21562
30353 60024
-12374 -44317
32776 44933
-63646 21300
37856 -48680
-22743 27064
-19952 55446
49280 31633
49143 -11714
50088 1204
32479 8045
-61542 -15987
32687 43985
3920 49278
-49772 -61893
-55398 -10920
59191 55365
63606 42754
-17986 -52175
28689 -6995
58484 -62301
8006 -41228
-27064 3925
-6192 64573
6998 15399
-21197 -55773
49465 -56086
42830 7226
-53749 37224
-43557 -8116
-15711 34536
-38827 -8010
29281 60292
-13430 14026
