3648
-53744 26916
-3208 -50912
51954 56686
24918 41933
26896 -4446
-60979 -7285
31697 4739
17757 25928
13084 -33253
-33149 -42151
-9250 43437
21239 -37667
-53752 21259
28220 34617
41355 -3601
31525 1723
47583 59010
34731 -52718
59483 19114
-32577 -18398
56611 1710
-6117 -23664
61758 7082
825 33076
-30889 2265
48436 57344
37135 -53852
-47071 4004
8339 -21929
-16479 53048
-29082 61903
32366 27509
-28872 42471
-20856 40006
-40472 9822
-25384 25944
-63186 20227
38128 55248
39791 -59530
35280 33545
-51683 -22395
6797 37653
7898 19688
50221 -65223
-26639 -60988
33950 14569
7373 -39009
27033 27135
41282 -57479
39679 35194
-51488 -13174
34052 19492
2020 -58675
58673 15555
-28950 -58821
62734 -19168
-1610 57577
-27082 59862
-27864 25123
-14770 49275
-47613 -48206
-24303 -62696
-34 -56761
-50537 -43404
-56441 -34994
-37657 52195
44682 -38530
-5023 -24189
-30182 54903
-47946 -52770
52196 -8287
54934 -56766
-21914 62883
38720 -57621
2552 -2170
-2898 -2081
-7704 45328
49091 56680
-34099 -21646
38551 38998
50513 -18758
49186 -59258
-10577 -9230
-44848 41666
7248 -5254
-19773 16381
47378 20485
33434 -31216
26089 -1086
35650 19206
7110 -19283
14805 -50572
34277 1110
59727 -25161
-9987 -38561
50846 16596
48254 -23529
38887 13074
15245 -20739
49061 10529
-6229 -53410
51761 35609
63772 -65423
55240 -51623
37250 36717
-5775 -29786
34437 40094
20199 64473
-62857 986
14297 39215
52604 45592
23585 -61709
10708 32306
-55015 -39772
-45708 22064
18590 21249
54502 44035
-5509 -5024
1707 9280
63564 -57514
48602 6657
-59996 -52568
-59812 -49427
53170 -32057
-41930 27449
39600 27543
-29978 38760
17319 17151
-6421 43181
18429 -25605
-61301 50235
-5374 23712
-3747 -13352
9350 -10418
-8687 43919
-46646 56205
32695 -65187
41332 -28749
44715 53176
9414 55823
-23897 -28094
26196 5519
27649 -17123
-30839 -53089
-3026 1842
12255 39485
10970 15284
-8960 35747
-54435 -12885
46172 50345
27487 -8134
-51785 6263
-27490 -20123
-850 41953
42423 -45595
53796 -46609
-56542 -4327
-63048 50911
17152 -33385
14387 -55094
-60781 50038
17947 9036
16137 1712
53833 -29002
-59019 -54114
3110 9010
-60546 -15162
-64077 18693
-63377 -6692
-41063 -19029
53062 49670
28871 -28701
17376 -46516
446 -54548
-21936 -31634
57871 11509
-63601 39971
48416 -43761
-51623 -38820
29382 -28185
-62199 45713
-43214 31827
48793 37588
-34085 -30576
48507 -34774
22714 24915
59646 -50524
62616 -41770
33426 16409
10378 -64935
-64905 -10609
-57738 -23911
-47871 -52719
-34308 -48627
-10873 -28615
37467 -62215
-512 -26706
17341 -3223
-23870 -47843
47710 37893
-42223 16267
-10543 45049
8226 41002
5691 -2505
31577 4329
-38051 28013
5347 14451
59333 58237
-50175 -3162
-60222 53088
-54743 52322
-53216 -25201
49373 52356
18666 35578
35153 -31193
6340 -25110
29811 491
64980 -24651
40534 -13678
-5334 54280
249 -29810
-39945 52107
16272 64694
-64953 47160
61562 -25359
-4258 -46122
-27099 -35100
-11930 62575
-6978 9314
45766 -55153
9672 1794
4573 39602
-59906 64608
25615 26552
-49299 -8590
58490 -50645
-4448 63772
-57644 36191
-27661 -5602
-29270 3673
-23991 64828
-25426 -58279
-2457 37546
53545 -23306
-33876 41425
-26178 -38292
-54998 48554
3591 4612
106 -18461
47077 28766
12008 -20179
49466 -24857
32691 -2533
-1820 -3751
22537 21289
-4636 34981
-1450 65329
-50693 31270
64621 22872
7462 36055
42025 -58360
-3876 55849
57714 50321
46019 -19648
33608 9085
-23742 8876
-57978 62065
25372 -17428
-2982 -43209
-7865 21025
60590 -46695
63644 11552
-6564 -40139
-44395 -46117
-63199 23199
-60763 -46209
-3213 16096
-30993 13014
-52432 22484
14521 9095
-2864 23124
-64076 1011
-28100 65063
33482 -13397
62605 60387
21727 50758
13032 36141
19946 45556
49120 41355
48400 23230
64178 4698
63475 -11683
1263 10050
-43356 55344
4051 -2903
9080 3639
-1654 53939
37918 -12946
22831 -19020
15387 -59047
60800 -11570
50948 19921
21024 64923
20008 27165
36608 45616
43590 1994
44569 -32322
61612 17889
58029 43019
-26484 -4686
31810 8026
-52057 61462
-30520 -10721
64355 -37746
39193 -9073
43575 -19473
51448 -25269
57609 -23460
20599 -3447
-12254 22958
53176 47546
42944 -10315
22996 3382
59189 29831
8766 65367
2496 -45966
-62226 -16769
13147 -60697
9335 48933
38677 -57971
49491 15023
13773 -12763
-46533 15757
61374 39039
51995 8110
-1949 33037
-52020 58180
-47740 144
4999 -26600
6932 53869
5826 17697
37921 43278
-50103 1580
-20962 -9322
-26823 48912
30330 -46408
38985 31761
25815 -42910
-24868 9352
57044 -32929
-43347 -26712
-56432 40285
-58615 -47996
63941 -53466
13335 -24474
2635 -15851
-10399 57912
-65092 38040
21781 50212
12147 -48195
18322 -54043
-53249 63116
-60959 41113
51992 63542
6214 42092
-61344 7773
-17178 36020
30854 63295
-25232 45554
36756 -44156
-44119 -43972
32183 62241
-32531 5181
-6194 16793
-1398 -26682
41467 -48147
-26216 23926
-637 -351
14492 23053
9092 -22131
42712 -36225
31137 42595
-29240 15666
38629 58344
-36444 10037
447 -47085
-61893 -4190
19834 11000
-30961 44876
19486 57367
26337 -39687
-10988 1137
33431 -47640
-22525 7424
43598 -8434
57482 57064
-12194 -62442
36930 40011
58525 -47451
-35449 -17959
-63148 -18925
-33786 -38743
-2627 3475
46815 -16269
-58974 -61761
-16772 -65520
49958 65097
-36850 -3626
-7965 -51468
-59491 -11249
-1085 -62510
-31375 35153
-35016 -11045
-24166 -24863
-63623 1754
-65219 64950
-20606 -49318
46390 -34939
-40213 -35782
-27304 -55843
-13239 50512
61382 41826
8137 19159
-26295 32496
913 22258
62805 45917
49052 -53020
50309 55994
-15291 24987
-40254 57753
-60988 1101
41981 1967
-24558 58666
-35762 16417
25080 -181
-63239 -33362
38991 46872
50857 -38523
-30971 -12280
14933 -60165
22518 33418
42438 39848
-34965 -36552
-1221 -56724
26518 58934
-11186 12338
35921 50688
13964 36856
47681 -21062
-36891 3293
32461 -9226
-16689 4693
-65292 29042
-3368 54822
-11438 65217
9050 31629
38708 -9797
-26471 38582
-34784 53130
47583 6776
38007 25820
-48381 59138
7872 -59028
28711 -53984
-13725 -26015
-8277 -62321
-22289 20593
-3524 25886
-9238 -9570
40504 8886
-45690 55042
-23355 52145
58737 -28612
-13964 -23026
26696 -52956
-5834 10244
46024 -44456
-4072 46053
-27663 58261
12531 13402
-24071 -54173
-55121 -46398
-7592 -38954
-48951 -40626
63895 -28289
20577 -45871
-22858 53344
52235 -58736
18057 -33401
18112 -61327
-28341 -12471
-64889 3505
-51143 30636
-64720 4944
-31010 59890
-8205 23618
-41317 2565
-61048 49887
7033 41888
-16756 39116
15015 52806
-2975 -29770
-63605 -53098
-61139 46173
21045 10444
-4545 19949
5826 49003
23136 19864
-39913 60831
-22940 15199
13142 -21141
-59296 56638
1193 6530
-25284 3373
51457 63222
-43097 -23164
64446 56431
-23609 -14177
47721 -31192
-37506 -21371
50417 54722
52041 -64410
-19077 -35678
-23926 -38351
-48198 -24994
13060 26608
-25086 -1040
44073 -62347
28411 1492
-19417 63306
-53157 14062
-847 61705
24077 -51858
28092 -15023
8785 7205
-23513 7337
53143 38154
23609 5177
60169 20305
-4810 44328
40885 -35313
8818 32399
51910 57126
43126 -33422
65263 38804
-6990 -51915
-35963 -51460
49793 40623
-49148 -58447
44592 -16414
-33689 53826
-20934 49292
16711 13339
22517 -48025
-36939 -61062
29942 29978
-18769 -11912
38088 -43819
7744 -56201
15520 -32852
-37099 -45467
-3866 -32996
3680 -14314
-45826 -13578
-57352 2406
-2366 -5483
34360 -24847
-63853 52133
40474 -37885
28777 3777
31455 -5824
13605 -42933
26938 -364
32307 17074
-5347 46912
47817 57240
52895 46066
-22206 4055
45247 -11687
7356 38704
2921 25528
-65089 -53538
8141 4124
24123 -40982
-29748 -42776
55140 -27531
-44664 61049
-24129 -1803
-60338 62355
13642 -17087
8 -7290
-23890 -19588
48191 35651
43767 -41565
58531 -29399
41244 3345
51050 -43651
-51357 50274
16388 -24949
-63364 -64571
19489 -25139
43421 14230
-30077 -13672
2697 39073
-19303 -14725
49551 36564
16443 28795
-27802 29050
-24788 59852
-37050 50484
25751 -59726
-26470 -13041
59984 19799
-36250 -8871
35496 49749
-28347 -27893
39619 48031
55117 30197
57723 -52183
34697 -32553
10191 -35770
-6471 61713
31919 -32710
-57142 6556
33701 -5430
9061 13864
52572 -27578
25262 -28536
14464 -44114
-57521 -812
53505 -40913
17780 1963
60452 -19905
31395 48047
46702 48587
30230 1945
-54803 -37801
53862 32757
-49337 42009
33879 -35290
-50654 44887
55426 7033
-43858 -30958
27664 19225
39040 40725
2228 56303
-37348 7976
48714 9556
37549 -38128
-23726 23711
-18412 7515
-38288 30215
-57286 -1202
-42568 42359
13433 -21210
-48299 -8214
-21579 -17050
-53124 -13877
-23869 26359
-38370 -22953
20379 44705
-11261 -8722
-37093 44351
31816 -21217
45733 -56737
63290 -41118
-21356 61538
5928 -57252
-35070 -49348
24208 -1434
-64582 32369
1917 1509
56539 6307
-18766 -7510
-18664 -10532
-7227 -21824
12159 -60806
38220 29821
-18093 -56627
-14954 23975
7814 30111
38114 -39030
-21185 49168
58913 -27509
-64153 3914
42079 45071
-35401 -49129
-13105 46325
1597 -14323
-437 -50557
-8887 20796
36483 -8654
14163 -14323
11652 26887
-9266 -7430
-53 22922
-13420 -14724
59490 11563
-9574 60562
-47445 -40830
14596 11616
52565 -12827
49094 58393
-64816 41086
51939 -46155
56202 47646
25933 55881
-7734 -45729
16091 -48762
53060 -7673
21012 35980
-18231 -25475
41537 -19502
-63849 51758
2559 -41605
-34152 20863
21906 51577
623 52972
-42971 47119
-32022 -4101
-52778 -40649
17098 9187
-13744 -41709
51377 -54045
-63219 38515
-21283 -55805
44476 58278
-59690 24711
61300 25985
2580 -61181
-60453 53628
45279 -11131
64908 2651
25135 -52456
-27387 21032
-54828 -13312
-34672 -59753
-23335 -34415
47873 -31155
31012 -10235
-53056 46591
-49901 -23767
-20073 -7525
57457 54279
54852 -21574
35092 11759
-63546 27416
6538 -6544
63229 42982
-64776 20081
60978 4385
39134 42470
37436 -41459
-38710 -40247
25158 30834
22288 -31383
-15526 56211
25922 56754
-45596 14342
2383 -26337
14640 -1060
-5395 16627
12230 31775
56378 -1985
-57165 62466
56201 -39436
26101 35629
-31803 -31852
17735 55335
10572 -64364
-30222 38819
19963 2485
39278 40536
-19424 39325
60552 -46878
-65104 42841
50883 -55462
-31248 -34663
-19223 3049
11034 38627
14971 53938
-13212 13716
37180 -24250
10984 -61457
-43746 -40606
26015 46795
-8363 -15153
-5703 -57258
23959 -44189
45331 64083
20585 12074
-64857 34734
57312 19793
-55176 34964
-19464 35544
-63029 6976
-49626 138
-13530 1495
-4142 -11146
-26281 3226
-15759 41621
19378 -54281
2983 43843
-8853 17176
-32537 -51976
-3235 -58581
6749 -63552
-24002 -26816
-5067 40219
40408 -44174
57286 -7808
52391 27030
-57548 -6127
-8504 16808
-60797 2330
-19962 -54478
-36183 -374
-36342 63407
43842 -35613
-61709 -19366
7301 -9961
-7170 -33450
-65467 12355
-5971 -4229
50961 53877
49925 -60615
-9044 49393
23473 19356
-41797 -25338
54609 43142
-18156 62575
-20223 -50418
-25488 7030
50419 30099
-22244 20069
-30181 53321
26215 -20552
-65381 -12793
-51741 3283
18515 -16490
-38024 -23357
-59663 -49898
-51409 9981
354 59010
-45579 -47972
12984 -43603
26694 -2620
63846 -12977
-56298 -16631
36773 15259
-17438 36198
29425 10603
43971 -18220
-19167 -20543
45442 775
-48646 50118
-61051 59701
-33124 -55889
58948 -6232
-21331 46865
-40930 -46708
-59947 -13103
20750 -8579
-31234 35765
6113 -45118
46445 34469
40425 -34604
-12480 57324
3472 -45079
-59695 18875
-10670 51196
-1517 21251
63379 20441
-62921 -57780
-13924 -57150
-30259 -63484
48498 19567
-30813 18411
765 42531
24373 36175
25501 58024
-50946 8745
-61050 -48679
-52029 -33174
-3102 24812
401 -56821
-27682 55348
7323 39176
-140 -3787
59813 -57163
-32180 62665
6227 -37954
5855 -14560
-50010 41228
-38362 -50604
-10151 -9470
459 27636
2703 9521
64406 28663
45622 9967
-60158 -59767
-41462 -42762
4309 27980
11973 1280
-21488 -14974
-47862 -55342
49337 -31517
63702 -46875
-27882 -58157
39680 23059
28334 6611
-37017 -60257
61105 -4390
22800 33458
49867 24290
-31451 533
7055 -39755
47422 59849
-980 -48615
56143 -52031
47359 8726
-13025 -16818
-10557 -16786
54223 -4504
-40044 -10440
14332 -43208
-38341 1399
64504 -4352
-37677 -25351
-64647 -26279
-17431 5822
22018 21370
14350 23974
34071 60408
40682 30396
32332 1886
16000 793
-4012 6706
-47113 31286
45741 -51877
-46140 5856
-46495 -10301
-31992 -43375
-57944 -4551
11089 -62441
51651 15759
33061 -31664
-14736 -24057
-8923 22219
17880 -49388
44988 -45123
-5805 -12712
-47760 36154
48856 -19466
57708 5429
52379 20663
15452 49532
-17843 45104
-10868 -30265
14027 36273
63805 -44343
-52832 14229
10803 18837
50902 63919
-37748 63750
38470 -5053
-20787 35306
-25452 31689
27844 -24291
9105 16850
-21377 65376
-61275 54436
-25639 -27355
-11689 55262
-22541 17889
14803 -28307
-59351 8159
21337 -47810
13800 -44589
61968 53120
-16521 -10067
43766 48339
-39921 5516
-52677 -8946
-2065 -63094
-29863 31897
52273 30686
10926 26233
38765 -30133
15165 60462
28640 -63668
-7910 -4716
59000 -53156
8179 20313
42314 39909
-5248 20690
27073 -16367
41348 -62281
-30782 -36337
56612 12135
-44947 -62499
43579 59266
27786 61504
16174 -58500
20805 -26468
5700 52518
55392 48775
53706 6853
36812 1975
-52546 61475
-33721 -1680
40666 40153
60273 -1933
47174 -41314
21753 20985
-28032 18245
27829 52902
25089 28973
22383 41628
-57341 31770
-25296 -61493
-50626 -45231
-18029 -51047
39669 -64430
-45724 41868
-51260 -36159
-26679 -19076
-29799 9430
60279 -40868
52706 -13172
-45502 23987
-60226 10085
54414 -14373
-64391 13819
-14444 -5934
31092 50939
-10254 -55608
-48785 -15270
13910 -17171
4440 -11970
-20528 13159
-51677 -4873
-24182 -44187
-54837 12167
-1367 42849
-46184 32848
27920 -30814
-5903 10735
34815 57474
-9499 55892
-54328 -26232
-33434 21493
61562 -33132
39828 -44443
-14813 -9587
590 19914
-36952 -38840
58965 -51170
-20353 -35287
-56731 53350
-63611 -49522
-39734 28121
-35266 62023
-5144 60793
-35819 -33425
55780 14712
-36814 22889
-42246 -31386
-9590 -11521
-34515 -46225
29492 -26787
-33329 -1760
29954 18205
-51602 38645
-3755 -2701
-64416 20242
62886 -22716
18572 63159
-3485 27420
-44551 -63596
45303 -10738
-26554 -45786
-38239 58795
-6498 -7644
-7142 3298
-43526 18884
10530 -25688
-49244 1462
-38315 52477
36525 -14441
22078 -58449
-55043 -39000
30739 15781
37979 -17280
61613 23557
39097 42238
34745 49932
-26051 -22649
-642 -56079
1268 -48199
-15324 12525
-41572 -9254
-35847 29019
-45162 63361
-10541 -30720
49669 -59338
45141 44693
-42449 -8097
6407 59302
-15265 -9025
-48388 -63171
11894 -5805
-34720 -33908
62916 56082
8978 28112
3643 59812
-51001 16627
-39629 60461
206 -34184
-19680 -39664
52765 26829
36425 20667
20972 19155
-8327 -6491
29709 -6757
24540 -22744
-2807 17378
32612 -6111
64317 27243
65393 -21190
49298 22141
-3524 41875
-32024 37646
-57069 61351
55319 -34313
-32627 -5862
-37343 -13542
12275 -13485
9908 -56523
-14480 -58583
-25537 -9406
-32177 -30923
-29325 -22500
-36831 -8801
48375 63491
21239 24882
-43914 -56208
-15866 33523
-47767 11374
-17784 -24167
59467 -52493
-11950 46244
37234 -24698
53411 54798
4499 27026
17636 542
61288 64752
-36163 -20877
-43242 6246
4084 -34529
-8875 61425
3394 19148
21015 -64875
-55764 55933
29848 -45899
-7412 46654
29036 -12096
-4192 -8124
5845 -21400
-8335 47280
44690 59207
67 -33819
33754 -34346
-11937 44701
-11850 277
18131 -38861
-17342 860
51292 37712
38091 61070
-4648 27115
64715 -7842
-65389 22866
63836 -35600
64132 -38836
-27937 36082
-62158 33069
-4213 46670
-28563 21932
42605 -50461
52845 -2108
-6938 -4274
30716 -14058
12022 -56285
-16815 30729
-42542 55386
-62919 -41884
62843 -56602
-62947 4991
-25728 -8761
28684 32287
-55010 2069
-44374 5730
25640 -45963
-31944 19266
-30462 -6075
-23989 -32198
54088 46231
20830 6353
53961 20772
35910 14210
-42765 -58909
-30084 -46017
-4075 -46886
-40428 51861
6476 34014
-7768 14072
-51241 33467
21758 -61700
28661 -9384
36862 -61969
-695 -22250
53041 3052
58677 -47464
15102 -53872
44854 -47074
-45934 2341
-20194 -44686
-59778 -39203
-2410 5236
19770 13688
26508 37003
12045 -18225
18566 -53779
22568 20866
37816 51557
55288 -26447
62873 57778
-58209 -12789
-17241 63219
37807 24810
-20143 29538
64480 -20051
13233 3061
-2098 -45069
-40293 23749
-22858 -42761
2951 -45244
-2310 -30385
36105 -6706
61340 23344
-8818 -3474
-37820 56458
-3571 -41819
-62709 60800
33716 -33394
38089 16680
-26993 -52129
3548 43749
-61453 -12026
-59435 -38619
43959 -51214
-49115 17145
57589 45376
41252 70
-15895 -54831
-60312 56901
-11364 -55984
-26976 -42578
-24243 -57342
12723 25251
-54168 45827
43358 -32850
-26087 61103
-6671 -31118
13597 35504
-22221 -16129
-35699 50955
42645 -27286
-40021 -60831
-52187 65015
62609 -57998
28454 -3346
-19966 2706
-48829 -7117
49877 -15062
64990 -57150
27874 -51978
64774 -35723
-31866 47557
-5622 -35697
-47116 -58477
55804 20635
-19090 -34306
-55023 33409
-33760 7891
36659 17056
-49987 62247
-50978 31575
-6045 -15725
-65365 8655
6190 10951
-51279 1734
63419 -17974
-51167 -45776
44452 -37174
34498 -56571
-6189 -24932
48851 -59058
49309 42564
-16616 15496
-25020 -32620
-39055 -18629
52863 -31104
52268 -9027
-22302 -52003
-15106 8380
38351 43108
-22270 28372
-31089 -59830
63575 -1549
57770 -37248
53765 18127
32344 6014
26276 -34125
-61500 -33427
-65449 59304
7098 35005
-15223 -7057
57112 50408
21228 26001
-37720 62963
33586 41119
-13802 61250
-46672 -25248
64822 -5361
61837 -54356
64793 53252
49691 60193
-22546 2686
-65090 -63490
8560 -49582
-64774 6891
-31082 48281
14482 60675
13173 3432
-40135 -20847
-57043 59516
-922 -24476
-32786 22722
-5856 -57624
55935 62331
-8286 12570
-33614 -4403
-61447 -27141
-46339 -10684
61020 -2582
-26549 -1958
2641 43111
24185 -62861
-22558 30355
33997 -10178
-51352 7615
-41553 -21144
-26133 10954
47353 25591
47065 -1662
12834 52490
-30465 -28103
-40266 16942
-18220 14207
-14337 -11326
-10185 -11099
-48651 54345
48973 -36645
9925 -5301
-60624 -4840
-29632 -20352
-37011 44207
22569 -46556
19502 -17295
-20683 -63413
-49549 -26565
23876 56498
43547 3928
-54051 59853
-56486 -56860
2817 61586
-21544 60174
44390 -31262
-39331 21741
27417 -4069
28059 54080
-15040 -38334
-51856 -25778
27156 18273
7407 10923
-50744 -31755
-9277 -3490
-25970 -10176
-63982 -56966
-11351 -13925
15652 21544
-38745 14739
29917 -14085
34555 18983
-4136 32649
-23522 61491
-60090 -26569
-76 38432
-47635 -10947
57020 61221
-25087 36782
62873 12677
27416 29168
46849 -27156
-2341 -36167
-6219 52165
59400 -13993
27872 -38465
1767 2164
48297 51816
-52944 -62713
38494 9990
-53544 -23070
42715 -13551
-64717 55363
-13933 65097
26491 43156
64207 -41422
-6898 59400
-20655 -60139
57551 -50606
-25970 -41061
-55167 -10827
-41012 18505
2364 5501
-7448 38492
65226 62431
-48910 64661
53047 -9200
6888 58338
52850 -48960
27390 -29069
-25778 27639
-61633 -15685
-38493 11789
-28862 -61892
-49217 56114
-43896 42409
56168 -18617
-1797 59087
10396 -40837
-22660 46762
-45366 41601
49344 -61932
-34138 -45875
36221 46073
-28357 -32254
-61918 -57388
1361 -49672
34647 -30307
30476 -26251
38781 53285
29796 49219
42888 30851
26911 62532
-57522 26896
-25099 5221
-57766 29990
-46099 22587
186 -52751
-46501 39407
-26584 1009
24182 -13386
34540 29840
35079 -14255
-12422 50074
37293 6898
-53128 -55095
-11648 7127
6909 -63895
1353 31811
19847 -42310
19969 -27147
28295 -12245
52874 -16885
-63304 1388
56725 53152
24978 5479
-22985 33246
17704 -28685
-33062 4530
29282 -56521
10695 9525
64531 -61081
50490 -9365
31641 -29490
-49998 62089
65401 24580
-4780 -25898
16116 11069
50731 -30712
47898 10635
39126 -47636
60922 35339
16651 -61331
-56935 -46867
-8541 22902
-20294 57506
-11914 -15246
58166 18400
-18080 38412
40380 -12588
-45061 47353
-21152 -45564
-48104 -18688
-7261 -60912
-43947 11973
-53594 11607
27373 10155
-27448 -7467
53047 -8877
12604 -34918
36699 -38505
6461 43223
-35102 -19983
-61018 -25036
16652 -27927
-48813 -49835
-15533 -28258
57435 39572
47788 39761
8548 -28803
28271 35319
7046 42332
55908 58739
46938 -40306
-63369 -31613
31071 -15922
-38567 19678
46140 48695
-35789 42104
55142 -51123
62358 57524
42534 35111
-32912 -10968
-39390 -46360
-50502 16200
-65179 36994
-27446 -10264
-55363 -2864
41352 25252
-26380 9565
-40274 43196
-3351 60773
3022 -41259
-17473 36866
-49380 25005
-61633 -59010
-15230 -24476
-48785 4269
-60263 -53268
-1557 23296
59064 30947
-42091 6120
27840 17415
30641 -46251
-58182 15894
-58722 54313
-25569 18171
-36506 6170
6479 -37976
-15074 57606
1552 -30804
51170 46726
40799 1922
42777 36426
58878 -41917
-7841 -34130
1989 27531
18148 2248
-50621 -38687
58929 -5790
-20403 59765
32020 -30741
-41031 -22328
-28206 -59137
-15462 57970
31549 15266
-44842 -38302
21126 -17019
-24731 -4874
51939 -7890
57784 -54845
-40535 -45683
52100 33376
482 -3066
54271 -48588
-34304 -40872
-40375 -5986
-10456 -60445
12476 60972
-6149 -49040
18400 -46699
42459 -43610
-48080 -51109
13272 15182
10311 -608
-616 30674
-33756 56217
275 -28893
-11527 34455
-23158 6755
-18579 -31109
-9889 -10481
6586 -16373
34516 -6656
63801 -39920
42554 -4012
-18553 -25139
25061 30104
-18024 -39340
-42959 6889
25946 -55703
1009 28522
-60784 -26912
16767 3338
39932 -21410
40750 -59118
-2034 -37329
63392 -62517
38325 41980
12846 6331
52598 58065
-65159 -39430
-47636 62271
62231 62079
24032 45753
52402 34004
-22739 1679
-15861 11090
-13344 -63976
24084 4566
3767 -51620
-45729 -19195
-29533 -59961
-7808 -11803
49392 9298
37873 -4920
41256 31694
30576 60421
-232 14267
25307 -15629
-17364 58559
36445 -62911
23717 9570
-60968 22656
36237 -32067
-14843 14513
46631 59512
-8774 52648
22165 -24567
29053 -62038
-24428 -53515
48116 -57653
-57675 8900
5755 51732
-20344 42024
-15060 59909
30013 -30420
-29279 33750
59714 -60983
50359 -3670
-9554 -38269
-34566 20320
-33957 50854
53583 42799
30127 14966
-23748 -15154
33900 -10341
47478 -36030
-37975 -18458
62358 37782
45729 64855
34298 -25307
-26531 -61988
-28626 -43163
-29349 -13153
-25437 6424
11690 21211
-35112 10913
-21320 -26377
7979 -52174
-59353 20315
49998 35638
18377 -26497
-33319 6146
10255 -4266
64179 45293
-1119 -23166
-25825 46798
-39262 40416
29077 -28011
40096 9986
-12015 -64299
32297 13640
44237 15318
52604 19269
34367 -64792
-47012 -64620
49643 32780
-42790 28264
28480 -17744
36747 -31166
-30299 1221
40812 16861
-8683 38590
-52822 42778
2010 -39841
26787 34399
46877 -63109
29210 -31375
-34968 13572
-22074 9454
10885 47215
27351 -43803
-10648 37107
3585 -31960
52390 12078
42796 3599
-64534 51697
49407 -16485
41295 37624
24516 5814
-44255 14009
-31876 -43803
59904 59300
-58631 58141
42668 18651
59438 -35871
-57870 33
15349 -25964
-19000 -49791
56462 31009
5751 41558
29443 64716
-16895 -15987
-141 -51023
-15648 51687
-13189 -34368
-35527 64044
-23486 16617
-55826 13814
60329 64911
62622 17780
-4777 -25338
-50334 -32380
-39173 -44681
-37275 59643
58263 -29377
-22183 -15397
43685 -9966
-7706 -42909
52063 5598
-43458 34308
-1442 -13533
22978 64004
-52445 -22294
35478 56815
-35125 7942
24353 53315
-40567 44327
20255 -39752
18271 -27971
-29156 41801
35912 -4427
16703 59804
-3905 2647
-3636 48440
33384 -5417
-62723 4162
-4728 19279
42175 -42908
52089 -45286
55530 -12879
34421 21389
-47117 -27151
33092 -7786
21939 -63830
-37646 -25158
24839 -55334
28848 -60760
-23374 -45214
-31245 -45252
-35618 64129
-14643 -57378
16796 3468
-52623 -52955
45532 -38267
-48239 23814
62829 54223
-2868 39727
-38642 -24042
20002 -47415
-45471 -64550
44436 64991
54943 -19548
-9693 -42563
52775 -14864
44126 23424
-28903 21600
-10392 50449
36223 12006
-39725 28804
-19817 50568
-31432 -48800
-22489 33029
-38273 -61735
63589 41123
7014 -9150
-25697 -52014
8820 16432
-45468 -17262
-65477 -61638
-9870 54905
15329 -12814
-33675 -35733
46184 42440
38001 23218
-49007 -59413
43373 8999
17640 63314
35597 56872
-50265 36162
47488 -41222
-30972 -62777
37999 -16147
-54385 38725
-21824 -12434
-16133 -29644
-12265 63220
-24008 -61094
14977 -52149
61210 38326
-63244 -28255
-25482 46937
63257 65472
-63838 22532
-37674 -12924
-30950 -30329
-60975 9088
26410 50133
21947 20497
-61582 46629
54870 33240
254 13857
-17858 26544
-16375 9751
-2048 -2132
-55643 -55406
-59376 63571
-53407 -64222
-39076 19197
21693 23330
46654 44829
29321 -59720
-8277 -32299
43505 -8990
-58442 5983
2853 -52585
49149 12548
-61879 14169
5872 12617
58464 -53781
-43269 -27082
24417 -20827
51081 -30890
-26651 -60180
-26642 -22614
38687 -38249
-51868 -64051
-14590 -22611
-3470 -54330
30832 8944
45622 -17140
49731 58865
-26508 -3840
18351 -64667
20119 -33989
-64930 -57688
6096 40303
24264 -48512
10153 -41694
-56551 -30946
-43729 17674
39819 53536
24470 12775
-35137 58488
27857 -43748
62849 2899
-54384 65354
-65284 -22283
53559 -18784
54889 -47441
-3713 37383
58644 -36957
-53493 33412
45566 -20726
44078 2124
-54307 59539
-12369 -61160
-4005 -32085
-18513 57779
19963 30604
33092 -16560
-56974 25073
-26419 -37326
-33693 2812
-57747 2131
-6615 -37800
-28540 12296
19366 20264
32380 -6494
57633 -57624
37837 -24664
-53891 61085
-28164 -47713
18290 9897
54770 45221
37341 697
5441 -29083
6715 32713
-60478 -35201
54465 -26255
46648 19360
-8336 -58017
43936 -10954
61727 -54745
-2788 -29983
39501 -36812
-42348 -65151
-50298 -42053
36061 -44003
-7063 -62592
46066 -58611
25068 65320
-47106 17207
5386 -61730
3716 -44436
-51550 8237
5974 -21753
-63923 -58495
27944 39255
32850 15621
-33982 40937
39206 6215
31526 3515
37448 -49089
-61188 -40968
52628 17700
60034 -21296
-37786 57512
40326 10464
-13705 -43107
-59855 -26359
-52498 17488
-45173 916
-44090 5666
-3936 -21817
58038 -58609
-384 62093
61252 -60705
59023 -11064
3928 34352
35582 -37014
43840 -8668
59036 -51109
61148 44483
18200 -18008
-64265 -57461
-62200 21037
-51179 24471
-23732 -51058
-17516 30527
-7323 54825
16381 18301
-54640 11165
-58925 -45934
4663 -41746
-24295 -3795
59546 27138
62997 62339
-59214 43323
45137 58496
43500 47009
-37831 58033
-44226 1235
-28077 5319
-35511 -41103
64966 34496
11102 -32082
52338 24363
-51873 46415
38272 19412
-43375 -42874
-18883 -38783
-12974 -125
-6970 23931
-12252 -59837
-34935 24784
-19326 -27855
54028 63668
23717 57023
33741 -43751
17662 35720
13683 -53713
11014 63274
-16775 27175
-12173 -55198
-45586 -39963
-59859 65371
42384 -12794
-21536 51055
40877 -58285
20261 22296
38721 1134
-41373 -26439
59501 -41129
-4561 -37678
-15750 -33371
-37090 19530
47482 34140
-4170 -40062
11275 47239
7823 20062
-40134 33523
55396 -47411
-10505 -6499
59680 42090
-40970 22330
32852 18547
58931 18047
26115 60429
-33839 39774
-16269 4036
52452 35111
-58895 -43673
17969 9904
-15787 29156
25325 -9183
53156 -9923
-14918 -49848
-30497 23982
-52272 -25732
-613 49776
3283 26916
-4027 -15734
-43869 34932
30546 -28922
32499 -7872
5327 -61044
4579 64258
20340 52443
-53548 43882
-64190 30938
34668 776
-59708 424
20578 1733
-22252 -16630
-52322 20569
-9845 26263
10350 -39905
-5668 -11717
-39606 -1992
-49740 -62818
38535 19194
-60186 -32669
-12649 -11453
-41403 -40642
28092 54380
18466 54875
32193 18519
-59518 34398
-6396 52332
-18118 -24667
-13394 -36243
-14880 12623
29304 -38678
-38814 37327
-33223 18392
-1732 33916
-59068 55933
48612 -41747
64322 39253
6926 492
-28857 -55495
-28127 35403
-47830 14746
-8416 28836
-63630 -30397
-22312 -27379
35388 -23330
55473 64984
-12937 54423
-21610 33840
-63906 17218
-45424 14557
-54850 -59411
19060 -5711
-30281 -46592
28042 1563
-58637 -47270
-11621 -984
26986 37703
18911 -27565
9372 -1923
-50332 -17665
22161 17729
-57033 -13380
48641 1485
-30782 17204
-41215 62730
18791 -16734
12925 -25417
48116 52942
25588 50095
4508 63643
60542 -33567
-47176 14796
42772 -3711
57344 -28846
24926 -58111
21937 -29418
51351 -59887
16995 -30557
-27110 -4874
-53185 -14411
54865 -53955
27204 -13900
-37472 16101
8032 -25109
-11296 -17357
29283 -20452
-50654 2558
34200 -49551
-24570 -53699
26460 -62182
49828 -58931
44898 -62128
36653 34637
-8716 -42152
25751 1375
3469 52057
-24643 -13619
4961 -51780
31643 55156
59509 21507
-34115 26085
-54211 -39500
-65125 36920
-940 36197
-15745 -10301
-44371 -19076
-36534 -62873
-21933 -38132
19721 -63565
-24049 36354
-24125 -37394
55218 11258
-43834 -27080
48094 -37316
-31749 61311
-54700 7002
29849 -29489
-49954 21499
-46983 -14153
-45808 57864
-62687 22563
-59737 17134
46955 45586
26066 33548
25079 -36246
18037 -36662
62841 16413
17849 -9223
54668 -3848
-30525 39415
36286 -60082
501 61097
45523 21581
-22211 35010
33398 -36053
27713 50223
28208 -3502
53345 22124
-36249 -4945
30422 -8296
-25328 -40089
41148 60080
45046 1842
-21698 -4213
31348 43653
43492 3371
50032 49852
-29354 -43498
-48299 13543
20003 13712
-8845 -58773
-12113 57166
59217 -49685
13328 -60053
59797 33174
-61621 62495
-35110 -5929
1227 19091
-52717 -34698
63345 -4481
-47994 -37773
-53737 48825
-49917 -60962
61615 42484
-8126 -3749
-57372 14409
-39896 -17480
42468 23673
29671 8776
44602 -29697
-17629 17297
-3483 62370
19376 -53069
-52516 21700
19514 -38818
-23835 -26170
13186 -30266
-52011 23023
-19296 -43423
48833 -34989
-64699 -62213
-48367 64861
-23838 -60776
-21046 -53399
-32593 -1655
24248 24006
21378 -3393
33000 45922
-59634 21214
46659 23907
-33242 -27722
63402 -11778
-61810 1171
-39198 -8819
-64632 -7957
-46539 -36440
52742 58551
61450 -4175
53236 -47664
-37614 -15881
-21366 -38133
-43060 -41583
3440 12599
-24260 -40797
51773 22084
45537 45048
-58033 -63692
47778 491
938 -16837
-33237 -48639
-62603 -8793
60026 43801
-25100 -56632
7873 -19370
33395 41596
-49625 60798
65187 21177
-63952 -29657
29657 -17617
-62326 29053
51351 -59445
-63465 -34659
-11491 -13118
-29317 -35138
40945 -38444
-21528 -26613
-31018 -40699
-33545 -64553
-54276 49194
40445 -9348
3009 -16234
6545 -41178
40226 -59750
15719 -10384
7987 58165
23542 45833
-37823 5592
-11577 40890
-25152 -60938
-1230 -18188
-24598 47223
-6829 36640
-35982 39306
64682 24143
20580 28136
23916 19084
30844 37221
-4891 -40351
-13259 -18268
-11830 51611
-19403 51881
-41954 -48005
-41405 27942
60066 41149
41565 -54045
-10333 9386
-41227 -18481
16133 45760
22782 35463
37426 -55265
-35726 9780
29659 -6488
13213 59347
25159 -13282
49808 40755
-20673 21719
-41270 59166
-56335 22939
31902 -14588
45042 26861
14348 33826
63268 64052
-21787 -17266
5357 -26657
25909 -30733
-61983 61417
-38903 49558
-13955 18463
21589 -53257
-51010 42204
-57447 -50576
23333 45900
47147 -49799
44336 49712
3156 -23629
61005 -61157
46397 -23841
-18122 32883
55391 31414
-4322 -24212
-44244 -32971
-9717 -58405
-37322 -15943
24104 -9330
-41840 11773
-55692 -36783
62231 -35369
31 -26217
8615 4653
-44727 25904
43135 15962
34767 -43441
-44084 32992
-3038 17453
-42780 -2689
55171 -64366
12290 65318
-14493 18147
-49000 -9373
-5131 14315
-11478 16020
-56917 -47894
-19738 20109
-20858 49719
20018 -2035
18256 -27795
-38872 39899
-55158 61062
-54081 -15259
-33122 35895
14080 23901
-38351 -34544
-55172 27868
-8360 34632
4342 -39212
-30910 48942
47318 31526
61004 41948
45011 -2173
-6359 -61987
-423 -61199
53728 37148
-10978 16586
48123 11260
-63305 -10843
65344 -31917
12399 -37314
38745 22703
-2307 -43261
9897 43398
-21734 21992
61163 -16412
62503 31292
-23296 12958
-3869 41396
26815 -59541
28715 -8061
62146 -21225
57858 38587
24105 20617
3778 -3995
6824 -30168
-18817 -26155
-9524 51969
-929 -4257
-62243 27200
-51948 26866
-38794 -22235
-6027 -58072
2234 44100
-13757 48829
-51209 60321
-31156 38766
-47122 55216
39433 37599
28128 4065
-59327 46920
-30373 -17406
-52529 -63269
-18258 44381
50607 -7679
1637 -23652
-28117 34417
-43750 -39729
15975 -2872
6069 62475
37978 -18910
-24971 55553
-19577 -29894
13202 -960
35541 -47295
54270 -58595
57501 23858
-22568 38175
13297 -12485
-3049 -22917
-61642 60090
32978 5687
-27977 23368
-22580 -26107
32476 -18954
19280 27887
49989 28446
16039 -2743
-21860 41354
60109 22792
-35589 -28872
35969 -42247
-50527 -47502
59164 58334
-18298 49222
-63640 -51637
60349 17112
-10162 -61468
-13493 25471
34674 40090
-12538 -4848
-56862 2781
44309 -14448
-34925 25359
4517 20669
62632 -59592
14676 53116
-60696 -27331
-16272 15785
54025 -34870
-29192 -44574
-30219 -38026
-24722 -10501
-42134 -14547
55613 39768
62353 -62759
2875 9830
43889 25714
31739 6309
-35875 -51468
-11217 -47098
-17359 -60470
23641 -65429
-13904 55052
50224 -5947
-64269 18749
-2613 23487
25015 24876
46634 51668
-35077 31543
58150 -30172
27688 38603
-32731 -23610
-24547 -13202
-55701 -16630
22515 -60318
36308 -50772
-51179 43255
-58982 -65420
55709 -51623
14733 53174
-29840 17166
-4888 30050
-13882 -22905
56310 13427
-41287 31256
89 -6119
-45835 -18202
44134 29005
-32907 28097
34387 -29570
6530 -22997
2932 -7969
35235 -51755
28811 54473
-11789 -766
33443 -54243
15929 48559
-10729 -27854
-17274 -4178
8161 -58756
31956 5980
-24078 28186
61084 15778
-38768 43077
34202 -30139
-24428 40381
5458 -30334
2302 -5453
-27632 -21301
-51765 52810
-17232 33909
31808 62786
-4766 -28021
-49695 46006
-29674 -31096
-33640 -40178
44839 -38848
58473 24899
-40728 19645
-12689 -28582
-46423 -65533
50740 -39045
12947 -31502
-36541 24187
-28172 -56230
-45278 -54766
-25214 239
-34620 42278
-60005 -7076
58166 30719
54079 -39548
-33735 6722
42103 45778
6379 -26649
61119 -14001
-12137 -59376
-45022 -61944
-55292 4298
-9668 -6216
8546 -62155
2685 -29318
-18270 59563
-9999 6626
-31375 44613
29662 46562
-50478 50576
-30541 -64760
16447 -7800
1331 -50904
-46681 -49218
-25852 18548
-24950 33831
-42802 -48075
34326 -30456
-35717 -41203
-15099 -28091
13585 -58687
48346 -31172
63629 -9405
37870 -55670
55102 5250
-41284 48221
-35955 45090
9031 29946
12516 25185
-446 42666
57765 57426
57196 -12826
48570 37964
-9477 30749
62810 -19901
-2868 22088
-39584 8823
29577 11949
7993 -6880
20583 -9968
-64991 -61302
-13847 42167
-21594 55659
-18340 24718
33221 -303
18065 -11871
-5401 -63697
-64687 -32564
-47912 -21641
-47142 46098
45421 30877
-22537 48787
12097 26738
-37274 55690
44345 14150
15502 -60655
-48230 37934
-65108 55256
-9895 -32726
49967 39522
-51141 -58923
-41966 2790
-3406 104
38276 -37999
-22991 52387
26823 12835
-29664 26854
673 -15893
-51972 7546
-1211 8179
27280 -6793
-16685 54677
42975 -60331
-15120 6181
-20961 14674
-22839 -16923
-45912 46100
-39116 26009
21630 -58748
-51995 27570
2027 -60350
-27450 34037
-5272 35225
16299 -17272
-16832 -55485
-30142 -9062
47638 33840
46867 -703
-60339 35954
64342 -7878
-44558 -37132
-61955 36102
-21832 -21343
43959 30475
-56855 -45924
-32893 26613
-29118 -27800
-24927 21172
-9733 62464
-4961 -48895
-45244 33905
-8244 -12806
-5347 22294
-16217 -44038
-53104 -26821
-57873 51912
23689 43276
14117 -6258
-12455 17985
30478 -42046
10560 52951
42510 -24129
14823 45966
-46176 45129
-62401 -57660
-1251 29739
28511 47499
-52501 -14437
47514 -59996
-61930 31921
50412 -21076
-18417 23215
-27015 220
-10039 21872
63098 -32218
-18733 -5815
-26369 61624
22952 4309
54394 -22171
-27448 -29099
-15995 -1591
25738 -14580
-55553 55515
-46448 -7777
-16298 28430
-10491 -12087
37123 -23040
5271 -53400
16553 -30492
-47240 -1823
-39963 45353
19195 22332
61196 31849
1298 -41204
-51101 -62058
56147 52529
-31207 56032
45951 53739
-3444 -59274
53083 47713
-64265 1168
44093 54954
-3809 56130
24591 61246
31196 -63907
-43975 -27984
-40192 -32617
-12325 35676
-52288 38585
-42054 51509
-39934 8022
-64821 57940
49174 -24502
-62481 -29631
-46768 45249
60804 62628
53918 -28272
30683 -17488
35089 11225
-2028 -55177
-19034 17419
-30688 -28285
32359 -27302
49652 6771
39061 -44891
-58926 -57550
-32829 -35002
23551 -4899
-8708 63740
24066 -58397
-23833 -37558
-45227 31452
7843 35766
46936 12017
891 -44771
-65106 -50851
54348 -48832
-58125 -51455
6815 -41777
12770 -33087
64189 -47951
50489 -24025
-16287 -463
-49829 -52282
53954 40742
51025 -47757
40155 -21242
-8712 -53816
-58301 42282
11204 14594
58187 22165
62972 -555
54956 2935
12578 -7713
-20245 -23390
-45433 49156
33416 31812
-26747 -11284
-46672 2060
-23329 -1429
25572 -36259
-62534 63251
22790 -61627
2571 54288
53198 5119
8641 26455
28587 -48602
-50678 56137
-20784 18584
-50372 -7848
-48112 -13823
-10773 42982
8547 51064
39519 -62206
-46856 43690
14558 24621
4745 23186
51837 54444
-64642 13118
-38099 65233
-20502 33394
-14843 -5928
21986 -30208
3555 -37427
-28240 5996
-6649 -440
-32904 47669
-16377 40527
36971 16381
55117 63047
49489 -14607
36883 -4517
-45712 -49979
-59185 -40443
-41930 -37595
-43738 55915
-17475 -13555
17404 -20585
-8322 43587
-39913 -62367
25646 -6876
37443 40892
-15862 14727
33514 -25119
-63293 21317
-14991 -64457
-36726 -8165
24854 -63230
-15526 -28350
-58446 -43131
12733 -18121
29873 -28543
-31447 6549
-61928 16928
24523 -50016
9500 -48600
-43011 -46549
-46142 -45013
17899 1567
-8870 11146
40597 -51230
37346 65521
-58873 -7041
2131 -3016
-46139 -49765
-14258 39372
25740 -1154
43712 -4317
34018 -52278
-61764 15234
2621 -13837
64991 19598
-27487 12536
-8177 -20430
-23492 -76
37178 -31396
5569 -33927
62324 24543
-46118 57952
10403 39002
-62394 -3423
-14741 -40927
46018 -53491
64035 45943
17660 1223
-15419 21766
24436 -9098
-32317 -33569
-29257 -58466
-56175 -1884
47506 -55911
-14127 -9738
-63351 -6834
-41207 38701
-56653 -59542
12845 -23647
10177 -10780
10844 25188
-31213 41008
29985 -22231
62860 -5775
-64117 1580
23469 56329
57586 -4694
-36569 -34725
-33545 -58083
-41614 -54142
-5588 -45295
30915 20428
59265 -33020
32669 -54410
-25832 -40537
-62927 6937
-26279 30423
39141 60721
-46555 -23390
54153 2085
-1323 50488
-24796 -32994
39100 15334
-16324 -42737
31452 22519
15631 -15916
56174 18026
-32462 -24007
-5985 52906
36861 -51652
32431 -12304
55392 61030
14182 -16289
-14480 -18960
6515 -24336
59217 -30403
-38877 -51668
-20942 18989
7301 -34029
41257 -946
22708 -51064
-43603 -6402
-31949 47114
36192 10362
22791 -8646
-12406 14154
58383 4943
-9678 -63216
-32130 -45074
-61878 44183
-57255 1694
42639 9826
31704 -17148
-7892 -43141
-45383 -60443
64323 61542
-12363 44812
7673 3606
50979 63436
-20487 -13663
-24044 47042
37790 55565
-37801 4422
-57956 3376
18453 -24731
19849 44119
-47901 -55935
-21276 8619
6981 50953
-23173 -9283
-14572 -41217
-176 56285
-38035 -36786
-50064 -46111
-41753 -22070
-51606 -27367
16460 -64140
-57284 -18290
35531 22164
22369 -9412
20808 25757
2259 -28373
48110 43127
-37446 62027
-24311 37671
12337 -53606
52572 -51659
52738 63165
44749 47147
59410 -5211
53929 -9720
50023 38163
55109 -4588
62990 19090
-19939 -9415
48994 46065
13322 -9113
13357 61557
-49732 17784
8222 -64249
-11621 31881
-36202 -30236
-59308 -49182
7994 -21711
45988 61422
-58596 54399
-8612 30242
-43891 -49584
40498 -27691
1414 -52038
-33174 -29179
-40028 41037
-14924 63462
-15098 46686
-39383 57022
-65061 566
-28843 29150
-48479 -40317
-18738 55001
-6620 -48776
-9685 -59507
-55676 -17978
-65154 -47203
23038 13710
2429 30537
49530 57518
51318 -19988
-63202 55494
59030 12276
7991 -48425
28515 -25389
-13497 46533
-31903 -27049
-36429 -59701
60499 43629
37000 7058
42123 36412
-3018 51314
28348 -1547
16512 -57194
-12024 -23081
26206 1725
-37447 -4736
15945 -18353
-54663 8227
38866 -27381
-60124 -62047
-28845 28160
-2935 -3215
64307 62446
37449 -55617
11929 -3334
64526 -44612
-14784 -46735
-41101 -29818
9061 -38400
61969 -47762
-55107 64969
52624 -60557
53730 -9783
-11094 15757
-25436 50479
-61297 10058
48936 -43752
-37987 -53361
21717 6646
-16200 51758
-34475 -50769
-14037 -42031
7962 -35221
24089 59073
-52113 23981
-9148 34654
356 28450
8948 55817
-21515 -55992
30655 62390
32144 -7279
6759 3294
24748 -6689
16944 -54055
-53479 1121
2155 -46438
23452 -33009
34960 31487
-46102 4665
-42259 48403
-29233 59966
36094 -2598
49276 -33521
43951 -49684
-49931 54467
1381 -50541
-36403 50326
44970 15117
44494 44810
22186 -50375
12602 -25626
36097 61013
54750 31438
-63663 48301
45438 22436
48565 -7716
64923 12045
3572 -60126
29122 53625
59259 -14850
32051 34142
-30789 27664
-27209 -26179
9036 -41081
-19189 -18085
-9934 -8470
16935 64063
-29145 -56118
-50823 -26963
-40515 -30347
43247 -46345
41414 -64169
-25889 21307
61179 6923
60697 24443
-1774 -4196
15460 48883
47151 -8405
16854 30379
9237 -4483
29980 65013
33990 4387
64735 -16473
55928 -13928
9823 -36371
-23994 43124
13381 16132
5952 10032
51879 -54079
8516 2045
47590 12906
51339 -8004
-52313 -39688
-29452 49187
61024 27519
-21091 22661
4926 64129
316 -29917
15306 -41507
-37790 -41617
-42678 57184
-58718 18633
-62599 35559
-39583 20257
43365 -56515
-25157 -47608
-18481 -781
-10291 -60058
-61561 -6243
14612 22238
7695 16049
-55293 -23235
-26522 -56288
25931 -26469
1744 -33405
5634 -22515
58719 53745
37341 31857
-41805 33660
59116 45620
41252 -12157
-56356 -58766
-52153 -16683
31216 26306
54213 40672
-62024 -17699
30024 -7257
47807 48956
7097 9041
53527 -41828
-16525 48436
-14711 58923
2890 40454
13631 31599
28922 24115
-15898 -12978
-57835 61293
-17561 -5579
54352 8528
63829 35775
-61524 -43842
-11357 52802
47709 62563
-3221 -56927
-21421 24360
-12984 -25818
-1162 -4368
-18012 -55272
29901 226
26179 24980
-20220 -15820
-15174 -39091
-55080 -30235
241 29190
-36258 8750
42078 49259
3381 27286
-6145 49668
34758 -45539
-43858 60480
11291 -14691
65005 4967
-49391 -61463
-20959 -6434
45820 -2975
-20931 -48597
-32327 23071
9758 -48029
22939 -44752
39867 46013
57886 8840
-10942 2912
52682 -35217
42767 -16997
-30017 -59169
58375 -22010
20329 13369
50719 61071
40624 4598
59159 -37223
-1422 -29108
-6511 29140
-17224 -49311
-17809 38173
-14058 -57748
-65385 -33882
-16080 27078
44820 -11777
-2598 -63180
-50809 -58080
-33369 14426
30313 -6154
63705 -63463
55255 16276
32923 -37740
-44958 53292
53878 -21653
-22448 -54451
31460 36968
-23500 15765
14953 55199
64153 39838
4616 -65486
-9468 19057
-64655 5455
10828 36136
-38249 -4910
5048 -1558
-12602 -23582
-11798 -20703
64212 -63367
65067 55508
-46169 -41758
58156 50970
19898 20222
-2222 -63913
25885 -64931
5801 -27235
-24530 -64995
-56962 -43926
-32627 -5934
2729 -9227
-36439 -47029
33047 -10401
10094 -54988
39627 14440
27067 -30142
-42618 -13539
10099 -30294
57513 49706
1182 -37197
-9136 13424
8906 -63527
-65401 -13737
35488 49211
56502 60867
62626 3473
-1971 -50627
39336 -15201
46705 22948
64543 13188
25983 5631
-21785 44020
28731 61962
-63818 -45999
7756 41044
-59423 63878
-316 -3006
20820 -22872
-14598 31331
35159 -39657
41992 37153
-54393 -43639
4783 -58198
-62510 -34674
20065 13886
22378 -64658
57936 -39830
-22502 -28090
57148 57417
56678 18382
50633 -39116
-30678 56631
2878 47541
-61080 5228
64811 34876
-53582 42327
57390 11201
56210 -10309
14358 64066
62019 13556
-30263 20624
-44657 37737
56942 -49433
-43525 -31675
-1386 22618
-52040 -39379
-29538 -13192
-60185 -44310
-19177 16796
-57709 -33347
4153 -6056
-37688 17254
46260 -47177
-35289 -11101
-65507 52086
-31758 -31492
-1270 -901
36399 -62883
17359 -2542
47527 38312
-20688 -13521
-49854 1701
19263 36312
-48583 -30047
-43932 26643
36724 -17271
-31660 1585
33413 -56315
-52782 -4101
58414 -65473
-37167 -19918
24132 49113
-31208 12935
-53689 -12456
3921 -33057
-8628 15691
-28559 -48418
-53399 -64914
-26360 -41897
62345 17799
-63533 -8263
57825 12138
46198 20734
-2996 64096
-35446 -45670
-57250 -39084
-30865 59642
24034 -31799
36290 -15992
63577 6021
-47567 8813
-59144 -8284
-41900 -50672
-38763 -44556
22463 4986
-8890 48560
11483 24674
53892 10326
64745 -4289
-45687 -10731
2400 -2675
-42827 20486
15197 -48319
51218 21275
26064 36391
48752 58339
-25672 -47471
-31158 -19420
48854 -61907
9192 -39162
-22116 -38064
-54396 -16425
-8592 -15705
-32418 55609
-56354 54996
42616 -2334
46190 51277
11531 52538
-9317 -15371
-13790 5287
27992 -18475
19662 29713
-63293 -63786
-22563 24226
40261 49768
-5441 52514
-29399 -15002
47905 -39010
-46163 63946
-5506 -26476
-46851 -6244
53054 -23990
49387 18297
55790 2333
-38781 32589
51572 -24923
-65510 13969
-56044 -64169
29791 1743
-23106 51759
49689 28788
52378 -54817
-61148 22925
-1232 30013
-65256 34746
32773 53513
-53836 -42333
-2908 62476
12825 -41911
8703 48728
17836 17415
6330 12710
-59088 -42943
58046 -35106
-52678 -58837
17833 -15172
-64646 -39423
-49501 -19406
-45332 60352
-8830 -23858
14045 -34778
56828 5198
18372 46891
-54225 10078
-6792 -26685
-23784 597
44782 -24149
8264 51861
50255 -9883
-64102 -19756
32350 -34611
2273 15600
-65116 -52074
47072 -26246
-2278 52930
-58917 -39449
11840 -52162
-36559 30457
-62090 -30327
45842 4460
-54150 -48409
48914 -37810
-31093 44837
52041 4326
-63695 -51817
-62859 -214
18997 7138
60975 -58453
-48050 49717
7799 -43611
-35723 -8908
53176 -3222
-32620 23159
-8421 -26356
-25069 -5139
-34278 -16659
33128 -53693
20751 -24862
33926 61606
-51763 50882
-37363 -3564
-10557 59334
-45422 -22733
-45058 -24370
-5927 36849
52052 -20988
-23713 24736
52884 -801
-27692 -6702
28076 24748
16839 -16496
7262 -44609
46347 22868
-51794 -42610
-36757 33909
56264 1636
-8079 20258
14719 -58803
48531 37523
-59284 32301
45157 41680
32766 28906
38220 65177
-6261 -15993
-17572 30749
51098 50370
-26570 -25534
-56086 -45408
62783 -60997
52957 -61607
5242 -38135
-9308 55296
-48124 -51749
-62674 58385
60675 23050
13457 25773
-60059 -2965
51235 -44535
-18204 -44418
30296 -7348
51231 30160
-9698 -64574
-14770 -35946
-24087 60499
19937 50263
6233 -20247
22806 -53649
48408 52518
-40789 -47568
27819 52993
-12236 14642
19391 -63473
-2885 -16956
11604 5367
28266 1417
-17153 10672
60665 8553
19641 51581
9954 41430
3508 7758
-49664 -10955
-30087 7729
-50383 29358
-8302 -22150
58823 24469
51715 58400
-757 63309
-41035 -63972
-25702 51629
1718 34119
-12768 -34610
49511 5595
1369 64758
32634 -45969
-16847 -28375
-52642 8204
-27052 32090
12226 9988
50739 53587
-28854 -9060
49907 -59589
31345 -47823
-22146 -1705
9428 42013
-5877 -63277
-12563 -15419
27673 35325
-42233 6494
-61762 42555
60774 -24299
-14308 16471
56053 45826
61826 29932
18841 27350
-10132 -52874
54252 -42564
63534 -41457
-16234 57384
16545 3885
-28530 -45768
-43023 -37422
50138 -19423
-57118 45951
-62750 32154
-20556 22709
-32059 -25212
41757 15682
26522 21601
40096 -53155
15581 13743
18083 -55356
25968 -16142
36844 -46283
-62726 3810
-11827 -2704
17059 -10798
57788 24966
-2040 -55200
-45521 -23619
-47859 -12332
37964 59029
43808 -63450
-53109 29778
-63472 -13373
-39843 -58279
48003 63587
-35580 -52836
-55165 43219
8498 -13039
43525 40931
-38538 -5233
-572 -16064
-14495 -11781
3103 -14720
10749 -24458
21281 -45601
-6915 -55053
-29603 -21671
-18951 -11683
-16150 14673
493 -58473
65374 -19709
-43016 8876
-47116 51952
28529 -8701
-5124 45621
52261 -12892
-52205 51886
-55620 -56786
-58324 57584
40219 -16847
18481 -57437
-17701 -24143
64893 32614
-56735 59397
26696 38780
37 63999
-38372 -21307
-7921 48380
-24983 -47049
-39359 56726
-9336 -62676
-15719 -64319
20874 -17459
43561 21566
-35157 52275
-7248 -21418
9828 3273
-49435 31020
-56410 -7739
-43776 -56960
44764 -61428
57899 57235
18546 1530
-27820 -56591
-8732 50670
-37573 1246
-2178 -58110
31625 61972
23125 28666
-43358 45003
20326 25364
-12013 -23877
12056 -40344
-62082 27006
-30608 39612
52623 18001
-17188 63697
48647 -41037
58504 -62884
-706 -21822
42484 -3713
55871 2181
-44014 3994
47661 9298
-10943 3458
-29035 -52875
1076 58434
26010 -39176
46141 61623
-16356 30866
-26263 18659
4245 -46275
