4962
41121 -60084
61467 31452
4956 -41487
46164 -33312
-65195 55555
-19743 -10344
-40239 52198
50711 37594
33802 12541
30465 54017
-36402 46585
-63072 32889
-11709 -61236
-4590 63948
63989 30210
63357 11181
56265 -22439
-12052 -40043
-22048 -59944
-15003 -45567
51092 -19926
8221 17424
9072 -35880
43345 -22546
-39425 -7684
23420 -33323
41984 -55463
-46967 18817
-8196 -10180
61517 -39298
37202 30708
-31062 -650
-5035 -33185
-37457 -58089
-53848 -50564
43156 -54551
-32876 -20016
23020 -42127
25846 9134
22381 41685
60604 52666
37309 4766
23661 41371
39117 -27944
1406 -25536
-22642 -7307
-48265 -233
25417 56279
46156 -9744
33871 23573
59561 13174
31015 38618
-3963 -47318
-11104 13267
-2347 -21309
27221 -10702
61838 -5687
15203 52529
30658 -15770
-60290 -9297
56533 -52589
50949 -10109
40021 28068
33105 -17534
-47 21787
46437 2049
20991 56582
-4938 -61830
14270 -40301
-16218 -40771
-31006 64867
-60693 -16545
2559 -5831
28062 17760
-23868 -5860
-10441 -55901
45994 -13705
-41884 -36587
-32727 -46816
44513 -5454
1705 -44963
-148 -1387
-1511 -28934
63834 25433
13899 35611
-5094 6126
21146 -56381
-1503 -11565
54216 46246
-58329 57282
-58097 -40671
3874 -37804
-43714 -37706
-16639 14666
-39506 -50678
50702 53863
-3877 -34747
-15457 -1820
11790 22295
-3136 -15730
-9842 -40373
6302 -37953
-40332 39151
-31283 -37716
-33353 -42814
10853 -20193
39923 -24269
42071 13168
-25795 -26964
59689 64264
-30028 6716
13069 -19122
48248 -30972
-38984 62915
-20879 44352
2991 -45151
-57515 -51333
40170 -37906
33117 -38840
-52804 -15145
-4485 -41888
-37743 -60135
-45312 -49855
-57356 27031
-8727 14316
16894 -59662
12794 29975
54798 3523
-28045 -12036
50359 28571
44993 13214
50375 49881
10188 35750
52323 7710
9580 -37363
-38131 58576
-18214 -12817
38217 -51289
22527 58248
-25356 -16817
64797 -42606
37108 -40138
-26852 54756
-15998 -10892
-25298 28035
-15218 64727
-14055 62240
61527 -53805
-38119 2682
-47480 61178
-30593 46720
15897 53401
-34491 21137
-21749 9441
-48027 -43387
-3110 -14114
-24408 -39818
14569 48382
-31350 -37064
41293 53175
-50388 62583
13774 -56401
-33999 -6530
19101 4809
-34119 -44037
16286 26734
1999 33056
31942 -46977
38146 24118
24845 -26046
-33146 -55983
-54230 -6536
-49624 -45281
29117 39847
-12962 32212
-14678 20529
57960 14045
-3694 -41299
32638 -56571
-61139 -41638
14318 38194
-43752 9669
-39954 -48513
-18079 61346
-44423 -55585
33995 -8250
-6985 18683
-39577 41097
-32737 20796
-51037 1748
-5217 -24085
18006 31184
59999 -12561
-18305 46590
-50009 43075
-18840 -44129
63830 -1261
-42442 41196
4619 -14537
-6941 -39855
15424 -63007
-33949 -53182
-51527 10710
-9321 47298
29569 29145
40410 64137
-17787 46007
44096 54645
39467 52225
34712 55480
43412 9119
836 -39509
62223 27028
-31659 -47764
-10312 -18302
40189 -34843
21714 33127
49150 54023
-24792 38241
41839 51568
27299 65218
14993 50274
-3142 4077
48917 -12026
-28555 8241
-25754 61524
27534 -8912
34160 23392
14542 -16637
-1087 -26917
-9380 48694
-64955 44761
-27231 9293
-42210 -43014
-54542 28512
31476 39545
57213 9053
28976 -28227
-28470 -12538
8346 -55324
-39029 22871
7699 29385
7580 -44553
57898 -52169
55198 64406
1968 46821
19618 -35604
-57306 -28981
-40426 -18052
-55236 -55182
7190 30585
11383 -46448
-13294 63526
36574 28895
63503 -31603
9819 -37861
36743 36627
25904 -8151
-51032 -56435
-14064 -41888
11955 30747
22610 -3108
-64558 -45518
-19354 21272
-57775 44108
-34771 4839
40065 32906
57994 18613
18878 65492
-20318 -44561
37711 49186
-42032 48047
55 17453
49112 -34507
-25485 65248
23130 38617
-53919 -47162
47422 -37382
1022 -24386
-33954 -28610
-11290 37057
12108 -11462
51834 -44212
-51290 -28659
-38357 45041
-62037 -11066
-16662 53048
-23425 39717
42342 29583
-45459 -48676
-7416 58580
-3906 24923
-31931 57409
41875 -52
-53187 3302
12624 3347
-11142 -6981
-12164 -49566
-9685 -60228
36618 -2081
-21399 -38238
-36483 -63401
-10170 -50837
35119 30872
-42878 21470
57773 26555
-20933 -14086
-50174 3319
64817 -60669
64952 42903
-60955 65345
7954 -13223
-43006 10042
55632 50182
-47298 17020
24088 -28559
-64386 -28216
36211 5390
-64120 1539
-63646 -274
-57950 26012
64929 12649
39020 -60066
-44183 -29190
43258 -65049
-48370 13331
-10185 -3385
-9269 62458
3026 -21056
29617 44725
64247 -62629
-11584 3374
11883 -14878
34978 5296
61446 33805
43531 -14817
49851 8059
16508 11147
11279 64537
43009 7081
23670 29000
42865 -25876
-13786 -54349
3726 64299
7840 -60492
-56325 -60054
27319 30670
-1613 52327
16409 -5717
16559 -46086
61230 -59174
53057 37237
-5167 38528
-46487 30850
53811 58868
8505 -62777
13647 -41150
37353 40239
33929 -27324
33221 64436
-53230 -23177
-11438 59534
-34278 25317
19996 42304
-50840 8618
-31761 20474
42073 -38837
-23525 65263
-44486 -18112
886 -17074
-12776 -57387
-55282 -21722
-38431 14946
-17001 -9784
29041 16607
-12336 -45170
-56355 -17171
55043 56529
-25515 -37793
25849 -10328
57354 -5468
-21193 52332
-51847 -48015
-38999 -8288
-32010 -57426
18410 -12447
7519 56997
59744 -18037
54165 -31926
-41324 26802
-49858 57999
-63631 11467
10117 -62627
-17525 53997
-14355 -26360
-31917 38898
9449 55187
-41964 12066
62983 54277
-23960 10066
-45449 57257
-47957 -3339
52815 -10714
39896 -7394
17295 -50515
50912 -1919
-25441 5930
51828 -39904
-63147 -51601
-4242 -3050
29537 42450
18325 -35485
37560 -53372
-41001 -54843
-53236 -49972
-15964 4556
-24803 -36732
13186 -30130
-16656 -3326
-50713 -29236
63707 -3007
33588 -6560
46058 -46847
7053 -5231
-51620 7909
32159 16473
20411 -26308
-31601 42579
-45271 8122
-43278 55950
53964 -32163
-40659 -39470
-38885 -38303
-60438 -35429
41841 38595
-57935 -8367
50600 -14522
-12888 2845
46386 20255
-25267 -36692
-24253 29666
-8171 -3547
-54675 63441
633 18089
-2636 -6667
15308 -24181
-32618 10986
-23367 53832
62704 45067
-4957 56159
43016 52785
2195 -60684
-28706 38704
-28329 24349
18311 34198
65089 38307
51303 17533
2518 32099
-1041 -31032
48788 19932
-31560 -18559
65360 49122
-64547 27384
-13489 43773
-58571 55050
56086 -16233
58916 -13506
62991 -32636
32468 39816
-31222 -38933
-5780 59198
32974 32843
40911 30259
27572 14173
52921 -51549
-58407 60660
-45033 10036
-7041 35325
-39347 15174
-46553 42809
55170 -42694
36300 -10473
-181 -51682
-58021 44150
-41418 48823
34777 -37575
57691 52872
-50815 -18094
28448 34791
38589 39241
56496 -24338
20895 15519
-40211 53897
-43473 -4404
51104 -32725
-62587 -17339
-44271 -47697
-60656 61784
26542 7479
38007 -38842
-18082 -57077
17292 52747
-670 26280
-7548 10212
24895 -6108
-13571 -43253
-18718 -44754
-16472 -46485
-59020 -32266
-9787 -8834
18491 12920
-9620 40664
-30846 -14485
65517 -5993
-40099 -61743
7095 -58395
-46471 -18838
-14561 -57226
5109 -17177
24877 36616
27378 35290
14239 58268
62705 62637
-4670 7454
3407 11579
-48057 289
17785 -63370
-40799 -9284
-52841 -7921
63655 14116
26564 -38794
-824 10098
4568 -45411
-30768 52016
60661 22452
-21908 9900
62438 -39217
-39959 -57357
5957 51704
41310 13946
-2153 56655
-27839 -22606
-44964 -27532
-54334 -11438
-4884 -41048
-32906 15149
-28911 52642
-45663 -55181
23500 -37728
-58018 7643
9918 -64528
59837 -48418
-48275 -3667
-38585 -4311
-17565 26971
23935 51003
-29729 54980
-57569 -25936
26242 31916
6211 -9906
-15734 54608
-44570 -28750
-25648 -39133
61542 24314
42488 -22297
42118 25418
63453 -26862
-32778 -12677
-28692 -27052
4653 50979
-50217 36227
-52987 64340
62340 -11339
40021 -21920
-2275 17185
-5670 -4095
-39987 -53201
49305 65214
15079 -28421
-5910 34993
65213 -38382
-5021 58458
4816 59593
40344 -63586
18007 29559
-54053 24
34896 -12386
44442 57287
-37059 -5473
-17777 -29361
57687 53009
25035 -16707
37157 56825
-8081 -22597
-6426 41693
10563 -34443
-35950 54951
37634 -36521
10134 15860
-23404 48800
-58322 65000
-1904 53912
-53050 -34091
-5761 4040
18952 -64922
43766 23946
-54504 3892
-50717 -31993
61925 29241
-42719 57279
-38314 -49373
5812 1070
21837 -30568
20358 -64593
-15440 -59835
40435 -57417
-4685 62356
16609 -8158
32280 40426
-1263 -44882
61927 48044
61009 -26963
-36253 -35174
-41818 -43307
31978 18962
-1911 -35516
-560 -10221
64378 -56515
60369 -26766
-43003 -20100
9651 -298
29199 34137
-48887 -62289
-42226 42650
-12864 19114
22026 -2762
41771 25120
-19756 -60744
-58562 -16369
322 -47385
54453 55203
60994 -47554
17355 1462
-30685 -23551
-1900 40234
-60536 29300
25312 -29324
-45999 -3303
45847 -16295
-29951 13480
26769 38734
-49343 -63737
-25187 -5919
-818 37309
-49839 -35217
-63707 -5042
46939 13757
-5094 21122
43932 10796
33310 14804
24609 3082
57894 -26315
-40194 -15835
-59196 -63436
4536 -52238
-50356 -6301
50305 -27062
-15315 64426
-20405 61229
10716 58951
46531 -34075
44486 17521
15409 -60425
-20211 19710
4162 -15173
-28556 -41460
15715 33662
-23522 50734
-4949 19452
50748 58898
3508 29353
47374 -6777
11719 60276
-32045 -63455
41059 -1437
-7022 -47804
57853 -5962
65005 37814
65437 40600
-49911 -34138
-45703 -48669
15360 24990
8049 -51085
38636 -8375
18460 -27667
-17399 25358
-2032 2977
-52584 -39351
64747 50997
58582 51962
-18446 3706
43078 -2270
-25853 -58660
-19259 -46450
-63995 -34289
-52530 -30069
-1818 37360
2309 44809
-1489 54035
-44066 64337
-51636 -18376
14188 16811
43062 35438
6079 -51871
48654 43310
-51215 29457
10453 -28717
30946 19984
-12534 53268
61168 8823
29135 6272
47338 2458
-38605 -38669
-13773 -12924
18229 15808
51584 -28970
-8552 -9930
-27813 -5178
-31238 14932
16947 -18927
36583 -41422
18117 49691
53435 33831
32806 24022
-8702 43356
8624 58384
-50252 -29589
52298 -23490
49361 -36354
-53275 -7889
12077 26359
60926 -45712
46222 8998
41904 1905
-55702 -21212
8221 -41234
46717 47928
-33921 -42063
-49064 -57619
-4393 63149
51395 -18186
-42411 4710
7998 30576
-65347 9775
-56070 64194
58458 -42386
-54319 22103
-36667 -2471
-22526 52903
-37724 -11477
-13595 29091
9306 -58935
47661 -50937
-64249 -51062
16865 -65077
-10766 -61234
37521 -25966
-34051 37213
3768 49737
36834 54700
-61017 -31546
-9220 29190
59009 -59277
-32866 52517
56230 -56314
46927 -16460
61124 -13437
-10998 62895
18661 59569
57693 60224
-3798 -4485
1814 3829
-24816 -46809
-17972 35140
-7919 -39288
58587 -31052
49804 9085
-27705 30742
-20236 35915
53949 -19245
-62839 -53963
48822 -50660
-63719 -31209
18210 -30888
-39547 58383
54595 39308
-28113 -34665
-21438 -107
-46651 38337
13548 -18886
-60589 -60537
5178 -9930
-43827 61196
51862 21714
35677 53499
59043 -10868
54059 56371
4124 -5083
12451 1584
63234 17180
6011 -35231
36112 -39128
39199 15216
55128 29833
42455 42595
12353 -64152
6410 -18987
8632 20142
26165 -56845
-38802 47489
-40165 -28323
-26779 4847
8591 -18416
10511 -34745
34126 -63715
50647 -11505
-43088 -33555
-17061 9363
-39949 -2061
-39783 18888
-64666 -32944
8307 15425
-59417 -18143
-33882 -40116
-22383 -3
3040 60293
-52923 -19928
48984 -61480
-65072 48816
18430 32182
2008 12425
-18679 51436
4629 -39136
37567 5611
-65367 -9691
-12774 -22262
20757 -40037
23122 -31504
-47911 60039
-13170 55944
54149 -36136
-57279 -60365
20259 -24541
-49177 35891
-40657 -55549
45463 60964
-21144 -51464
-21293 -30168
29710 58696
-12553 -16723
7506 58010
10442 -10516
-18169 -8541
6289 -64569
-28617 -23605
59282 -42124
-36841 -64882
-42338 59632
16609 -3219
-8153 -35330
16894 -50230
-55730 63994
23631 59113
-48697 59665
-60959 27056
-35756 -33164
30045 -63552
-20468 22806
-25806 26555
61052 -2137
7131 -44373
50900 -18452
20234 -53508
-63441 -29248
51610 -4334
-26665 -65147
-7143 47762
-42338 -21657
-33173 58644
1782 -27550
22023 -21695
-4455 -25875
5355 47584
-29586 25316
11440 44356
-7588 34834
30515 -23872
-23021 50079
-59238 -47788
-487 -55227
-6870 -61701
-46403 21593
-26381 40099
16339 2309
43818 -50044
-62032 51810
-5300 64183
-30228 -31999
-10241 56358
-16484 40608
63452 -21281
14782 -39737
15968 14415
-39994 -14509
64514 63713
60932 -37326
-22456 -59550
15020 50316
-52291 59063
17358 29856
-32721 -20156
31363 5690
16931 42681
-48971 49357
-52267 37368
45397 -41142
1035 -62722
56895 -274
-59226 -27247
-56080 -40929
64126 -40880
23438 38628
-31135 22176
-59687 32097
50992 -27479
1908 47957
-65408 -21580
8178 30737
-50466 -55927
-54772 20570
-42433 5966
-63583 7954
-51838 -9494
12259 62543
-18784 63202
-42875 -41514
-51475 17477
-1500 -3757
20748 61973
36629 -20446
13997 -64997
59928 1718
64437 31594
19024 -49146
-43147 4102
-23438 -54743
-37662 -29312
-32679 -11452
-36706 -59277
-30215 65000
47805 -58670
-52624 42092
-28270 -43694
-32886 32811
3775 46334
4995 -15166
-2646 -29541
26672 -40042
23085 43340
-57887 8461
58648 -32093
-5391 9635
31157 -29528
30573 -14141
-12599 -37343
16798 -7746
-6296 20929
40766 9448
61995 -30549
41421 30721
-22704 62413
-29691 -23476
3294 1199
55205 -16648
-51623 51898
61147 59658
-40 -54368
-45687 34633
-44976 -16848
53190 47809
-33089 -30831
-51821 51185
12547 35654
21549 64552
-1927 -12319
341 -64776
2915 -4725
50990 -38816
-16567 -61236
-42123 -2781
-34806 -58232
-51863 28394
-37309 27703
-20463 -50725
-39877 58040
-37046 37729
-36688 22375
-29157 -35477
40284 10302
18492 -2638
29531 -57313
55999 33851
3951 -34416
-40493 5955
22255 34857
-40883 37417
10176 -7636
-11154 50517
22434 8993
28786 -49769
-54421 -58168
23487 -61993
-18002 -7204
28680 -24984
-43171 -51606
-35657 -313
50473 -1296
-1685 19664
19944 12312
-59681 -19912
-65141 -63504
-52574 18689
61480 -51994
-60136 55457
-29353 -5086
-52969 3329
-52239 -28567
18827 32510
-18581 13811
-51282 58151
-33871 65164
-28569 40313
-47114 -51815
-9912 -56364
26653 41882
9707 -3822
45974 10493
62898 21020
-2487 -9649
29046 -10142
-7052 52002
41374 14440
7965 54610
49930 -41464
-567 -56773
-14532 38417
11963 65513
-20043 -45285
-59174 27556
26144 -41124
1643 -26167
-19906 -29193
20793 32425
34135 -61802
-24330 48317
57563 54346
49302 -31688
50002 41929
31956 18834
-45605 32022
-60682 41329
-2538 -62909
-35069 49706
22509 -56904
63745 59869
6313 -12386
58724 59011
-20790 9044
-1584 21799
-37622 -2537
-27496 -1155
-17227 -52072
-4945 29566
16481 24860
-35926 -61727
-50116 57077
64487 -27682
-59072 58731
-41787 -61788
-29600 7053
48196 -51766
33930 63921
48041 -4803
-48228 -43709
40672 -56760
30441 29679
27821 -60100
-25738 -40566
-48182 -65428
-64732 -50304
45944 -26728
39248 -58433
16651 -55561
-16172 19242
12603 12056
-41727 43637
-381 -58202
753 -37702
-19890 19244
58918 21002
43957 22751
41485 -55324
46909 -62055
60977 -27402
-56439 16899
65360 -37243
-1824 -15566
-44284 25382
65326 42760
-8571 -39117
56286 31409
8417 55729
-9384 -37402
24873 -61949
-36753 6564
-42439 -56606
-7024 -21242
29018 -4608
23752 -58631
26938 27385
-16543 44009
20857 23230
35012 30059
39573 -54071
-39376 -65323
20534 -28940
-11482 14843
-14127 -15409
-15479 -64303
37992 -10465
-18664 33190
5956 -49703
-20563 -51980
34284 -36814
-39879 -61124
3917 54386
-19423 45077
-61906 1866
-36982 5772
51725 -33671
-50061 -2414
38316 65482
12486 31688
-43802 29270
23561 -52426
40692 -3620
-33529 54039
4349 -8761
21799 -30235
-13876 21589
-20452 -49011
-6110 28573
-50471 -43412
37927 -45246
-15876 5394
49596 19802
52142 -3673
55405 18521
-57949 -29339
-26654 50392
-20197 28724
-60820 11883
63738 56410
29197 -59633
62361 13698
25544 6231
11681 -5115
65108 -13266
13216 29483
-16030 63401
64194 24737
-31374 50108
8910 34591
9488 -48153
65168 15242
-23659 -23257
15745 46344
8755 59553
16508 9749
3101 -7082
-41990 -52761
50043 -57926
8716 20198
-14774 -8166
28826 55471
-57911 -15916
64130 -23287
-24811 26758
45695 60135
-18909 -11941
-15734 6134
40548 3295
-27068 -14572
31546 -4951
9800 7129
32769 -15219
55217 -9491
22541 1674
8406 -44571
-10670 43340
-64766 -4009
34311 6339
-49040 -44431
-38200 -23227
-33599 -3459
28548 53581
-60341 13775
-40931 2532
2886 72
39784 -16448
7596 50031
10136 2904
49667 6293
-65361 -15654
6952 152
-27483 -12496
22269 -61305
21319 57899
-2375 -51506
4655 -13900
-63452 11211
-51067 30342
-5335 27203
40104 -27328
49781 8596
-34358 -1627
1598 -43011
43509 -3616
-37486 -21111
56958 -48148
-20281 36565
-43801 44153
-36236 17141
-18586 -50693
-16542 -2735
-8568 -15812
-19264 -26919
44365 -51320
-20517 27209
1136 -55702
12096 -52271
-47556 26948
63589 2465
50485 38380
19647 50632
-60354 -9618
-33755 -54377
-60657 -11943
-41960 -13483
6650 -25954
-12588 52524
-56732 28814
-11740 8202
-24776 37124
-2908 -5861
29742 -60963
-13562 22529
-55717 62411
-46733 -37261
55430 -17486
20 21747
-64145 2365
43371 -40954
64835 -58540
-32357 -61847
33353 -59921
-42367 -58015
-461 -29971
47211 -388
-7782 29546
-65527 38121
41933 51499
43572 15670
53124 23042
-63511 -35296
-51590 -22771
-28665 -29253
27404 46736
43069 -22242
-46747 -18459
-52870 31809
-30182 -12149
-3266 10302
-26096 -21319
-24958 31409
-50695 -32899
21159 8454
-60219 -54731
-5185 -40229
63200 -9011
19160 60579
-4677 -50227
17787 60013
-42852 -48431
50220 43093
8204 -27236
-63032 5288
-13401 10309
5004 -64456
24190 -4577
-42989 41471
1161 -40925
65347 -34079
18520 -11080
32340 11284
30562 34408
29153 -62319
-3896 17744
-50169 63831
-53976 -24938
-43069 25688
44758 56854
-33304 -22289
53238 -5781
62949 -35886
15351 14906
-60686 5216
53623 -3249
31106 -10523
15001 -6804
62406 62230
17981 -48931
-9128 62900
49016 58354
8928 -28049
25939 45665
9008 -15463
47757 -21740
20107 -57222
-15945 18707
39447 2296
-3101 30164
-5355 36853
26952 -10977
-45967 18050
-59179 42549
-25989 5993
-22871 17958
28740 7913
-938 53
34122 34103
35023 -18517
49594 26079
-53701 59079
860 38082
-7550 120
38139 -59396
7927 -9242
-55876 894
-45971 40251
42619 14488
32388 33705
19590 7099
-3244 19901
-45096 28803
1437 58199
-57613 -36986
-11681 25430
1140 55096
-6090 35960
-25590 33054
-41763 -4657
-47128 -57418
30883 -6296
-8436 11394
-32529 53434
38273 -7722
-55827 -21005
-32488 39575
-2108 -52631
58148 4884
2499 42302
-63177 -57753
-14435 -25090
18138 41951
1749 18526
-61231 -64041
-17497 36515
-22796 57654
63996 65096
-36714 59390
49879 -37487
-30961 64441
-25576 -56081
38210 51306
20301 -42846
-5106 15503
-5352 42226
-7871 784
52691 54399
-49123 21176
7857 44617
-33568 -47447
55730 -55185
-15954 64753
-62342 -29310
-43951 13327
-52689 27702
-17904 26541
56158 -9539
11317 21358
40458 -61227
-38575 48960
31736 -25809
-49947 18299
-47494 24788
34581 -3038
9142 -1998
36180 -57517
-15488 24429
60624 54323
48354 -25678
-20323 -43403
39515 20951
4305 25053
-5182 32946
-60144 22276
10189 19205
18121 47847
57682 -44368
-6688 -14428
-18781 -839
-19890 -20228
-64826 43070
12746 22649
35544 41728
-53877 45071
-20327 -11999
-31798 18322
-55140 54883
-24867 -17696
44598 -1660
-55705 19302
-62611 36434
-34152 -1847
-42890 -16453
-28965 48094
-3739 -12044
13974 -63975
-19804 8092
-50898 -62295
42231 -60845
49369 -52593
52657 -20299
26028 51075
-6101 -40649
-13749 31100
-51134 -5261
62231 56771
-65387 -8249
41639 -13803
4052 -20804
-57277 -15169
-34337 -37496
-24632 -38422
23100 -14
52849 -48947
-47956 52069
-29371 -45236
-13864 43176
19587 28381
48061 29421
-8710 26406
56284 -61033
64608 -29485
36077 -13660
48908 39130
-29240 22547
38906 52274
-22138 -24368
-33988 -44965
64345 28240
61745 -53429
16521 42282
-18157 26525
-52144 -25996
18992 -38603
-12016 29037
24476 -15043
-59906 13704
-47068 -7848
41882 58853
-48201 27527
-18119 21503
19566 34435
30402 -43852
17504 -61967
65198 39329
22153 -30146
-12695 58656
53965 -34443
-1015 -12077
-48432 48911
-56464 -20851
-35580 -5045
26480 26948
7942 -9281
-32170 2572
-39464 -6753
97 48965
9275 36871
-57691 -14336
7088 53420
-7190 60645
-22363 -12064
-12669 -34461
26501 -1566
61771 -8148
28193 25673
-2802 -16828
48348 -24697
35454 36865
-788 -34256
-38187 34140
60275 -1834
-47382 -33744
-45252 56889
-47412 -18907
-35989 -6653
22075 36416
-6814 -57887
53617 -60111
-58856 38261
10197 24476
3368 1117
-11263 12038
7647 -65398
-18077 -55988
-58554 52675
47738 -53658
-56804 -13617
-5820 -60039
9467 -57402
-12670 42072
45981 -15586
-30473 45225
10558 36131
-22071 -33037
5463 21219
-24745 63962
57396 -6954
19353 3914
1075 47399
-46368 17154
23956 -47575
-8619 -7867
10307 -38548
-18132 -11471
49725 -45382
22270 24124
-1410 -35263
-4377 40739
31960 -21448
45920 21984
-12216 -38084
23675 40254
804 51228
-11978 -28222
-24404 -45909
-16587 38785
-60871 -33829
-49393 -20637
14724 -41312
46541 -54367
-49180 -22054
28772 24907
-26563 26152
-20012 46199
-50666 -50893
47783 -37859
16531 16812
-64488 43946
-39397 -13107
10 29520
18982 17557
473 20524
45491 24420
-18405 -35106
-52264 9306
15275 23394
8433 -26596
49313 2215
-64434 31270
51061 -4920
-16638 -14115
55103 -25081
-14740 38525
-11050 34196
-30376 -44377
24713 -10592
15842 -10192
37462 -48662
-41719 13530
-37051 46697
-7058 39403
-7223 49696
52065 -6378
49602 -25350
-34368 40117
-36390 -18843
-6623 -15947
-30302 10498
-10284 -1060
-63553 43103
5578 65236
-23630 24061
30032 17222
37244 22769
15840 -51225
45667 -42129
-15491 -38013
-55815 -50160
27815 -61768
28692 22474
17959 32936
-16925 22334
-38039 -58680
-13 60577
53720 30715
35094 46380
43592 -11054
-20585 -44423
-39694 -3328
-25787 35930
55029 -25297
-31190 55189
10163 -33893
60172 2743
-60532 -36503
62023 -35932
51344 -31362
9185 -56032
-11895 40113
28405 -52308
-58007 -46213
63951 59615
52597 45940
47634 27079
57203 13394
-64651 -23879
-28040 27534
10124 2576
-20607 31082
-57040 -29531
27978 -13428
34634 -9427
53841 63613
-16413 -65355
-40737 26632
-64214 52452
48372 -31469
-15150 -16643
-23641 -30832
-40404 -5075
4489 47483
33930 -57675
42787 13309
-26579 5980
46615 11878
-27041 -26485
-4242 35707
-21277 -11573
37527 61071
-37620 35383
-9591 -57811
2093 -1433
-40522 -12231
-43354 5367
-52067 -59674
-57286 40136
58907 -37725
6754 -31688
-32299 19404
-51161 41615
48226 -2624
5809 -10258
-55496 -47205
45114 -38114
-43378 36661
-27865 -14006
-60352 -40899
-47929 -20152
-58816 -50737
1484 61160
31804 -58184
-1871 -43869
45465 19278
-41036 -29411
-16529 29356
-47738 48165
-24191 -28072
-17004 56092
30772 21678
50983 39596
38395 -26646
-61637 -50678
-61419 -17124
-44905 -61053
-31037 51919
51892 7657
-59984 28619
2781 30746
-24512 -61244
3887 -1523
49422 -29375
-61248 -59042
32635 -32380
39697 -38281
46715 33371
-22701 -16191
-57774 -64243
14157 36140
35134 12807
24562 63044
61301 -24611
48069 54400
35324 -11248
33307 59368
2738 62224
15823 55654
-1368 48391
32352 -13957
18483 -24365
56308 -6282
-58753 -62271
-10809 31479
45698 -13477
4383 -50102
25714 -9613
-35835 -38582
-42591 -4515
13631 54787
-12616 -25168
10364 27630
188 -42443
29050 -50150
-10262 -59236
22198 23291
41041 16973
-61781 54888
13702 64990
42141 -37891
-34188 10197
-50135 -7589
-36872 -11641
714 -22368
-49655 -41609
-9237 -50933
33431 -56153
15277 49758
34029 -18938
46523 55081
-3505 11885
-47994 -45003
-19506 -40285
-63758 26825
-53831 9128
17876 53085
-13848 -47490
42852 -10643
-56591 -35509
-8222 -12659
28911 -65237
42754 56015
-11969 -33198
59823 -36522
65295 -2247
65193 -25406
-56377 -4185
-50434 -59202
22178 20950
-25168 -51771
1862 -15981
21721 -22582
-4648 -32792
35118 -36082
62850 -58523
-63567 -19513
21795 -19173
61655 28876
-54610 -29441
2557 55216
12984 51453
-26975 -65117
42928 -31749
17813 59672
-60390 52354
37474 19121
-32461 -12980
-65030 -32968
62193 57017
2951 -47625
27398 -46138
-36834 49130
-6682 46017
-51748 4699
24550 -60096
38468 39912
-12932 -41492
56397 17131
-10202 -359
-45418 26584
2498 49188
6881 -51670
32447 -12169
-5891 33593
28618 59886
-54820 15482
-45904 -42072
-63191 26709
-24014 -20404
-37072 -12079
-44049 -55818
41530 24435
-18857 4468
63659 58670
18024 -13704
-36961 10531
4049 32697
62706 21083
32492 -50856
63877 -48368
6603 -17748
-18198 -17663
-33368 -24233
10371 -56840
48715 5209
47318 -50400
50070 15501
52195 51343
23877 -46964
27408 -3408
-58059 23461
40675 64924
10623 -62545
-7715 -37765
46353 -44357
19928 -29224
14203 45713
-7816 11773
46943 -4524
-10273 26592
-56276 -47478
-7298 46740
-49924 42115
25308 58700
57340 -57237
18951 65480
-30678 40189
-36741 -28214
-33598 -63180
14398 -41834
-25054 -56116
-645 -13718
4002 -29486
-58093 -40244
11373 30092
38923 40167
-34310 -34123
6620 55537
47625 4516
38862 2924
-17068 -37150
53299 -63615
-21422 -42372
34802 57505
-56777 1376
-37723 -37698
-39678 -59399
35697 58617
61443 -51040
-26916 42629
64476 50838
-5956 33821
-48880 -42614
-52460 8221
65483 -42381
31233 9292
-55578 -52937
19976 6160
-60567 -29972
55261 -8937
-582 50937
-54684 -4716
-50447 -44228
47079 36959
44022 -4879
-26403 31454
-12353 -39820
-65183 61977
-18471 23433
-52328 -3145
56957 -15099
-43691 -968
-46797 -22743
62287 25581
46438 52225
7510 39095
20970 -38278
4910 51748
-9431 35260
-16539 62626
1722 12909
-46703 -15849
40603 12544
-17235 50446
3731 14011
30436 -57912
43306 56542
39740 58006
-61576 -29899
17388 -7667
-50200 -62115
-43663 -23599
64426 13553
-17301 -20108
12198 -56344
-20064 44714
44106 5502
-40674 44703
35637 -7215
24823 31244
43015 32927
-46625 -908
36392 10399
-60412 -62710
-48890 -58544
-45868 62307
-26136 31144
-56861 25769
23458 35258
-42021 -1574
45997 13524
7713 -26486
-952 42280
-57915 -1234
-54792 47382
12607 35011
-32410 2135
7766 57710
53882 -26549
54603 -7321
21430 34637
611 -40293
57194 -45712
15755 -46726
53671 45465
10016 -38733
-32000 62974
-42973 -28942
-14178 39963
-26233 65463
-30839 -64161
-46947 62620
34294 40029
-64646 -8487
-6703 47828
53250 -48165
31052 50288
4251 -9525
58096 -50759
-54681 1334
-48443 -50528
-44788 -8498
6591 -9637
9514 -53660
50346 -37433
-57449 -53537
-57274 -30388
-8888 -42520
-17861 30827
-37277 11378
1656 7840
-20181 -62149
-55707 41125
41160 -25492
-49429 -28163
10622 -28360
-7917 9911
-58819 46050
12225 197
-28579 -3329
43726 42823
62319 -51201
-50255 -44645
-17119 -29985
24308 -44469
34157 19307
-43967 -39680
-45698 45338
-50768 26962
20576 25286
24816 23102
-47615 12981
51101 -867
30319 31606
52748 -60232
-15563 21966
-32226 3069
45161 52234
35624 14803
-33508 38145
43555 -29595
-30130 58958
-42463 8788
-57980 -41819
-32899 56439
6305 -55910
-56047 23140
39199 54337
47453 -38027
-25598 24933
-46179 -17605
-64908 44
13560 -5822
-17816 47241
53080 9136
12274 32733
9633 -4330
53610 -42529
1655 -50707
23408 -55976
-63638 -38401
-64027 -20071
65114 55653
-50753 -6219
13620 -3319
16393 12083
37168 59454
9537 7805
-28395 -2551
57165 -38089
-22419 63616
-59940 -33038
30663 64894
-50622 60357
45289 18391
-44819 9345
19789 -48393
-2789 -13892
5969 65184
-22015 905
34384 29121
-6345 52896
42039 -2163
60792 19145
-27801 -50789
56212 33467
18020 27932
-40336 580
-29064 27381
-49599 -17499
49679 -49512
-50804 -62611
41152 57741
-5767 64385
-11444 8226
1812 10543
-42431 25071
46228 -62329
-59165 64693
46302 -56636
51239 -47481
-59391 -18968
-21399 -380
12506 -3296
6709 40894
53642 6590
57881 40033
37846 -39220
-29060 10948
7262 -5104
30614 -14100
-31474 23230
37494 16175
27111 14724
13991 -45293
57267 -27465
-56264 -34844
-44571 2558
-12590 9247
-10718 -63279
-16976 2077
-42866 15535
-24297 -40581
-12390 -57537
33926 -16415
23536 9639
51500 -35283
-48398 22611
-26611 -17913
14627 11384
63921 61666
58296 -55867
-61294 -58289
7333 52543
-51125 36258
61831 -61071
-32205 -47587
-22850 -436
32819 -26813
51259 15387
-52843 -10728
-31249 -20130
19409 53004
31443 24730
-53061 63853
-35890 -14436
-37127 58425
15299 64595
15599 -8305
39260 16049
-28498 -16667
-9870 -25156
-18601 21
51662 -47277
-44624 -21605
17505 13534
33059 53200
12717 -13540
-37421 -1949
-64216 6960
-28209 64143
30639 -36425
-55768 42998
48869 22351
-47012 -54888
37261 60321
58269 -42248
757 47602
32604 -4809
21449 30026
16145 -15528
-64637 -1841
46394 12850
-13616 -35138
18410 -38499
-57749 -56657
-34792 -40484
11308 -52023
-3159 15042
25697 -50536
-24473 -8099
48976 30935
-3276 60279
-40790 46531
-33474 -62400
37899 -35177
26369 -27805
-7984 65130
-43815 -52979
34310 -18143
-42149 -44193
53585 41345
-22666 -44080
-13897 -56012
39535 -11900
-13815 -24556
34318 -30419
-58171 -56450
-51798 -51084
17318 44235
57534 -13521
53254 55841
27055 -11401
-42389 -30250
20102 44863
18016 -35782
-10750 -26155
-29537 -59495
45011 -65468
-42835 51780
57012 11114
-63917 -14098
-60870 30337
-4439 -14314
40669 28973
40215 -48524
49943 -31349
23544 16982
-15359 -23507
6998 40473
-14212 -46556
-60364 6397
-792 -47303
41717 45328
-14158 42436
27656 -39726
21385 44514
-55573 -10402
-46783 -19529
11966 19107
3543 -10831
23495 34643
-1657 -59626
-8832 -36839
-21203 34404
-3608 -48576
59488 28520
-60345 -54272
987 27285
-54282 9850
-9450 -12508
-51384 17249
5625 -14658
35249 35745
-35698 3060
26733 -29941
-13044 21099
3473 22399
1102 -27898
33104 19311
-2083 54337
16146 59231
-15218 46203
13190 26888
-63919 -15881
-28193 -2532
-17061 -65489
55009 -7346
-37837 -8943
-43701 7785
-64683 -33320
-20418 21154
-64179 -64376
-45170 -25762
3453 -21657
28220 -47822
34239 26903
7270 55160
-5906 -13974
-55851 -24614
-14833 54516
17 39797
31121 43020
-22805 -9795
624 -57794
60430 10652
41566 -30420
1028 -63466
-36345 43610
-51097 59689
-56339 -7480
-52536 -33447
-12727 -60276
26391 24116
35169 -13525
54132 32470
516 -12022
-9011 -4925
-39209 2098
16664 -16445
-37658 -33882
16112 -36837
10618 -15368
-6058 -17496
-44771 19047
-46876 34535
41306 -2627
50646 -39786
-55873 -53202
-53274 30308
-44550 36716
-1014 38230
-63338 34523
65061 51852
-31807 -48044
37704 -23288
2031 -45155
25973 65430
35009 39739
-42880 42140
-9364 44990
-34992 -24933
-9568 -7401
26736 -23836
2901 -10040
40089 5
47748 -59961
-45798 10875
-39285 14715
53101 -32215
-7497 -61892
-46712 -10805
50964 -52
-51845 53052
56804 -4687
-38973 -54192
51308 46028
-15979 21964
52697 59390
-34278 -1868
-52969 -31153
-26879 34774
418 -27775
36109 -63988
-49027 -2122
5688 -19278
31496 -47451
55971 48196
15186 -57196
22472 -58334
-32217 50297
-41380 -52655
38589 55288
46256 53792
-11821 52452
-38778 8435
-25416 -39820
-48923 -40808
-53349 49160
-27403 -61326
-54491 -60799
-44929 -18151
-26938 -7818
-44553 -8690
64816 29851
-6881 33819
-23551 1487
-55043 13161
55300 -20371
44009 -38239
-44727 -52326
-53494 57199
30839 28122
23318 22224
-30043 -65100
-30854 59335
-44416 -63242
22266 -30236
24116 12075
-16275 1304
22396 47080
17969 25977
4622 -40292
-28744 34366
61733 -14710
-11211 54826
-38797 -804
18800 -7344
-1650 11783
-34355 -11826
-56160 15261
-46775 13496
-12237 15485
-55395 30596
-44935 57092
14907 -60745
57350 -23232
-45421 19677
24903 -46761
988 48803
61804 62376
-60938 56748
-18385 -60601
-52291 -59708
-43095 54825
6781 -30545
13573 -10478
41213 -34778
7244 32338
9387 -41139
44152 57974
-37709 55300
-60593 -35713
21557 -17399
-36064 -64399
-14946 -2356
-36130 6029
53523 -42892
-20667 -36916
-58814 57577
-47803 39485
-10070 -51866
-38790 -41365
61980 61533
41118 41034
14408 -52625
-27406 17288
30365 -8384
64183 43409
-6251 -40407
-685 -6220
27790 -64906
-64694 26163
42582 15353
-28016 -62030
-50112 41242
-35519 61590
25564 -11542
-44686 33907
-42858 -23947
39772 36829
4688 47128
46118 -2171
49014 -57905
-57632 6393
42753 21367
39732 -21802
40844 32916
-55811 -45244
-3103 39983
54810 49406
-33922 32480
-5243 -58854
-63425 -42931
-18559 -49800
-60725 -65191
14481 50048
42801 21871
37340 53066
-34317 28714
58257 45258
-21554 56175
-54305 47324
-1339 -59188
52622 -29355
-8145 -64910
-7686 9047
-61806 -18747
65136 1186
-63093 16468
-56250 -37445
-22139 54837
27111 -6072
29964 -5499
883 -60077
10596 -45813
-20964 -49355
34146 9544
-34600 -22337
-40636 45117
41423 -58523
36622 9691
6270 54207
-34401 -64150
-44860 32121
38631 5824
-28740 41255
-22427 -20415
5377 22125
-53148 -51806
-41549 -54023
22392 -10183
16091 -28387
-53176 -49071
-5607 -60199
51247 -8332
-25394 -30198
-48020 36949
-28032 -10660
44418 62255
40268 -36273
51680 9984
914 55491
9286 -36078
-10063 5546
53212 19439
714 53958
-15306 35744
-34499 -54621
-14857 -5170
-46886 -41002
60124 43792
61710 50260
35604 18131
-7587 -34945
-60603 38554
-47086 -37807
-65491 47458
51990 -3892
-34056 14968
-5433 -64679
-55873 -50571
-20543 -64678
25959 59270
53422 -63786
-3631 -33150
24808 13601
17784 7972
-29851 35980
41510 -780
-13097 -53614
64235 -27283
-11354 -46397
-20545 -33779
21357 -63784
38453 38609
4945 -38407
5133 16232
11934 28430
-21116 29407
54891 33445
-34149 -43498
35836 7280
20360 24416
46481 -50202
56694 -6515
17512 53682
-9951 -54052
-50925 -37693
19551 20081
-32481 -40836
-51560 21341
-1991 63781
-54688 -1501
61490 16916
28786 -7672
-20389 64407
48264 30491
-4433 3982
-35101 34437
-59231 -64715
62309 19752
64476 -1741
31071 53353
-47459 40226
57893 24686
30505 -3876
7728 -14881
57566 -8287
20539 -39441
-36671 30398
41289 8316
31078 -29361
32687 48715
-275 -48583
-36674 21764
62008 -25011
20301 -619
54946 -23630
38262 39188
14686 -32749
-14829 -16458
-5308 13934
-63722 -70
47689 40823
2233 13078
26295 -25522
16243 -23112
-2850 22264
23464 35841
-44028 36004
30300 42490
-42407 21505
-23451 16693
2654 52976
35126 2602
65115 27861
27251 -38659
-4881 -33776
-62418 51387
-64325 -6974
32241 -55441
-16340 -57194
-61244 10275
43614 6025
43942 48281
-43683 -54834
-55839 37644
53145 -4843
-19056 -31173
35519 57986
65469 2728
-16743 43059
-54968 -47266
-65249 11099
3308 -13508
-30277 33485
-64422 55705
-15271 -57045
24832 30231
-11037 2092
-32159 -58985
14223 -63787
-42989 -46751
1843 -27286
18329 27653
-10060 -26810
-54378 -54728
-5171 -35368
50674 50586
18749 -6642
-20448 -3255
41833 12461
54953 -10272
53079 64764
-29355 25451
39744 32121
-13806 -25166
-44 -60058
48362 38275
-55349 40112
-64617 22532
61087 -44296
-18811 -16999
-9620 60812
7273 -13090
13689 46340
-61819 -346
-6968 -22586
32478 -21623
21269 -43261
12842 37589
-721 -43931
48479 39679
-42569 17313
60342 9021
-49002 -53937
64438 25760
41187 7802
-25031 46484
-54590 -62243
-60372 59021
12457 51528
-37496 -49343
-7722 49366
-63149 -30085
27617 -18125
-51080 62795
27052 18419
-49419 18027
57458 -23797
-48968 -41938
-62791 19822
12392 30971
-13578 -4507
-55673 -32997
61294 23041
-33221 -28538
24297 -19001
-21938 -38114
61224 -22374
30554 15355
-23211 16746
-3966 -18620
63080 43017
50454 -35979
57980 57862
-38842 -34059
-46179 1102
-37755 33991
23890 -56907
38517 -44194
51957 -42147
29673 -40863
-23982 -456
-54044 -50156
-27885 2203
-30912 11760
-51588 59348
62294 42199
-35269 -32484
31868 53922
23075 -49043
-43293 32810
-26443 -36062
-62845 32492
-1289 -58859
52762 -55672
-46618 9087
-54954 -15311
-16345 -23317
2755 -376
15740 7003
61761 -18801
47597 -36947
62292 24055
-59157 -49515
-32937 -32870
9277 55709
51803 42567
-35262 -22004
-49720 -43323
-56339 22426
1614 -9157
60831 50243
-20303 -39108
35476 -60236
33235 65516
13163 22994
43566 -65457
50056 25678
33314 56862
-49215 55568
19130 -48093
-4330 -50487
2851 -53877
61788 27665
-47086 -47123
-302 50175
54811 -22946
-24230 21890
-36352 -24640
42807 -33115
35652 -58227
-11992 35637
62634 46742
-48418 20641
-48144 38869
-48687 -21606
-49941 64224
15331 -41630
-55126 26053
-62911 -12078
-54141 -2341
50534 34555
54729 -33715
40068 45349
-52519 -59396
-44863 -47657
-35082 25667
18960 48101
22531 3437
63645 7948
-45719 57746
18736 41364
22002 2595
-57663 61648
-27727 19309
-8072 -12153
714 -9396
13189 -12669
-57720 -47197
-87 44183
-23981 -51370
-57489 -27914
39984 13061
22439 -6915
-20483 49165
-65097 -27170
45582 49110
-21701 -28505
6814 -39169
54051 -53048
-59700 64225
55020 -27034
21924 42278
-37404 -45540
37150 43765
53773 -9658
13717 -34771
-53985 -57768
46199 23302
-19998 -44265
35334 -22911
11386 -2279
-11718 19901
-49694 -29777
52202 -26112
58621 19767
-18813 -53220
-51097 -5686
12198 -58733
-43790 -39454
-28799 -36308
47047 -29425
-4675 -59334
-57405 -39716
-58023 54548
23617 -28659
-45140 42607
-31960 17999
31880 -38549
49466 51244
-32091 61312
18376 65069
-36182 16888
-65443 -7027
-10187 -51489
35668 -55412
48190 46976
23873 -38340
8300 -51033
50584 5748
-1284 -1558
-25358 -61535
17367 61353
-26810 -26556
43374 622
20301 -60877
19478 56144
-3075 -56855
-19135 -39596
8085 -21696
14618 36630
198 -9193
1754 -58495
276 -56671
-33279 61603
-22803 4409
5153 -57020
14933 48814
-13430 39740
-53904 18148
21427 -49807
-46392 -56790
44315 -49568
-37944 -6108
2859 -11293
-20760 4125
64122 -44501
-36261 9474
33695 49574
-27687 25557
-8699 13586
-195 -60157
44046 -51761
-15371 -37022
17313 48839
35431 -40455
-11333 -22654
33645 -60068
37897 42590
-54257 -8843
22884 32198
5546 51524
7649 -26792
-30047 7143
54267 -45380
-57979 -59283
-15727 -50278
16590 13491
17660 2280
-55530 -50589
16215 -38832
-6565 45831
-53805 -13070
7476 49347
-9575 -2992
9210 -44138
16597 27126
49106 -25100
-4470 10004
-36429 14342
28752 53351
20076 40102
-41430 20911
-52874 48472
32319 -7928
-25848 13017
29982 34688
-65487 43426
62166 56027
-4026 47115
-39044 54384
-25739 14611
43055 51443
-28491 -43383
-24953 -6168
-21614 27264
44667 -51930
-18883 14827
62387 29844
8844 -30374
19652 58368
28099 62018
-22292 9285
55138 -34443
45521 -2382
-47003 -57557
42693 65137
21192 18601
4926 33420
47953 24734
4073 -56756
-34015 15793
7246 21284
61079 -31335
-12354 23995
12092 52670
-48556 -28082
32072 -13875
26480 -37858
59742 -64064
-40181 -48828
-38005 12456
-33888 -64302
28696 -26932
2532 -9621
6832 52899
-12552 -303
-30312 31184
59337 -31046
34223 36472
-27530 21145
-46601 63443
51131 4767
5175 49273
-36675 15598
47884 60480
-57575 41409
-51629 -16271
-33997 -58994
47320 36856
-48073 4541
49123 53209
48302 19352
64342 24855
-40561 -26915
54499 -48785
-63257 26973
-44353 3536
-42325 24105
-22589 36438
-37145 48282
62111 53671
-47023 43178
-13274 -57336
11327 -51709
23098 32195
54915 28872
-32375 1537
42801 60949
-31443 58933
-27076 -26837
-797 -28669
40323 -22117
-64660 14282
30169 7059
58408 -9135
-6599 -8579
20541 -6526
43732 60498
62266 23755
61974 62356
-47140 -56089
64456 61001
-32958 15155
21174 -12359
-51443 60812
-59303 23163
42649 -41227
60294 64648
48784 -14938
22968 -62856
-60432 49571
-52222 -23002
-43457 51539
-39728 -51711
-51758 -53178
32567 3379
-40108 61884
51006 -37537
6416 -12914
50454 -37807
-23903 -37035
-8761 29711
-56174 56765
-63225 34042
-4844 -12497
18900 39651
4323 -17424
10651 -34140
1777 43270
-9309 20457
-16452 4779
23421 26696
-12256 -18311
35868 52847
11906 16847
-3490 -42524
-35036 -28670
21305 26357
-49798 9841
2017 -858
27078 -1085
57436 -46263
54463 -52591
-52797 32676
-54458 29560
-31201 -35065
-59902 -10930
37995 878
59993 -37858
-6597 -65358
44875 59290
13353 -8450
47123 48985
-7154 64570
-31715 34037
-65179 -57021
43762 -35587
-55478 -23012
-37989 -11616
-22148 -59608
-48665 62984
47629 -37512
-45480 29750
-64413 -6770
-15672 -55836
-36010 -1961
1237 65475
46501 50196
-42705 -60722
65339 -37816
-3964 -49509
-15381 -59862
54041 32357
-59928 -35446
-50347 -6186
-5207 -35968
37147 -18738
-45721 34422
-14633 -25980
-30458 30109
30416 -26761
-36473 -17964
61705 -32388
52949 2101
-43429 -35831
61009 43915
-15595 -48822
44765 -16783
27354 10406
-28426 -26883
22707 -47748
39170 19058
20059 -15903
28611 -1419
-42534 28075
-27087 55050
12816 8187
15773 37591
48330 1110
43029 29170
11056 43967
-27066 -49569
-43399 31472
6119 -5384
18443 2648
27637 -30396
-37128 29117
-36278 13029
-64035 -23300
58599 -3771
-36991 41320
-9910 -596
10671 9637
34724 56859
7009 -9075
-45776 14045
15692 28091
-9113 3512
-29608 23471
21713 55255
35925 45250
-56653 -33636
60046 -6077
-41918 30719
51823 30559
34840 -59992
-14646 26692
54215 58488
27892 -49462
-34171 -3030
-53766 55747
-62431 5057
-3096 -16728
34450 11333
-37688 38528
-57788 -10780
64706 10451
-25176 -17028
-23817 53290
-60896 -7583
39569 64434
30746 -21809
26983 32607
13894 26034
41436 39367
-60046 17574
-19568 -2831
-29551 -29372
29480 -50504
25573 -212
-58576 -41338
23761 39068
-44322 -38491
48852 -17583
45281 -10943
61962 4919
-63527 -15372
-8875 -18983
-1126 -50834
20100 20507
13756 58153
-12376 29329
20860 41784
-46656 -32252
19898 16610
-6931 -30133
32805 -59592
8261 44095
-14351 1607
12298 57439
53295 49335
62576 -23683
-59839 43410
39664 25232
58101 27966
-43544 -20496
-56341 59172
58380 -36927
40173 -33359
-15468 23672
55379 -12803
-28039 -36207
-14426 -54061
-33248 37994
-10400 -25001
-46605 -27934
39585 -30587
25445 28855
-57156 -54222
-22702 -41933
-44971 -41562
-32034 59572
29652 62956
60896 40576
-44936 -6443
53092 59647
-61116 -952
-35020 -8556
-19806 45920
2736 29010
-1047 32514
-59833 -19521
41501 64000
-35147 -29339
57296 21642
17517 -58560
58910 59781
-14817 61196
-4769 41254
-53817 15668
7952 47936
10735 -11498
63586 -15599
-61723 -2593
-58365 19886
41194 -65238
26700 -54176
26957 -27031
-16741 -46417
56552 -15815
16712 -22450
-58802 62478
-64300 -1804
-51923 -10849
22312 37704
61369 -9704
-27252 -46482
-57123 -22683
23077 15348
64514 -25789
10594 -52981
47421 35865
15177 -48759
54223 52134
-16089 -18113
26881 -48746
32871 13128
-13979 -43635
24892 -26318
54573 52727
-6076 18392
-1445 -13667
-32801 11330
11304 -4853
-37480 -6812
-4506 -48549
37034 -51284
60540 23152
-16929 -15684
4162 7437
-5286 -27622
-54619 60287
39624 -46829
-5669 -40002
-34395 -4183
-33180 54214
1763 46387
-3370 7343
56026 41818
-3913 65018
19512 -45462
-34983 -12647
-17806 52993
48092 58677
52692 -58234
-7693 56939
-12056 44610
49455 -45375
36034 21199
6263 37706
37496 26316
63360 63089
-46694 -7687
59762 -45562
-54532 12893
39219 -3267
8980 13283
-59169 -41147
64948 -6888
31809 19888
-16087 -48259
18315 53526
-59955 -7444
-56272 -23568
-53954 10357
5535 20083
-5386 -45273
23579 5535
-38702 -38642
59062 -56687
-30305 -29496
-52410 64548
24208 -47373
-46837 28478
-16662 -13998
-2940 38838
26962 46931
-20088 -56490
-60954 -50933
3452 -5017
30647 -30944
26074 33279
40390 -44313
38595 -20358
2917 35959
-57473 -51935
17044 -21550
47277 -48087
-59692 58155
60800 -31071
-48514 60039
-56328 25716
18793 15327
52398 -17460
48966 25224
-45974 25940
-14084 -6025
-37060 25367
-26879 29006
35858 21240
55617 43271
65073 -36063
21868 -2595
619 -18435
-13539 13715
-23401 -5991
43782 -427
12047 52652
-5723 14508
47028 28285
-3683 24794
30248 -22908
19391 45158
-34418 33
-35459 -41731
-53527 26456
49711 -35498
-10486 -5910
30666 -24412
-9290 30429
-25958 49945
-46970 -62760
-19318 40556
-39041 -56314
-1019 63248
-369 7333
-36857 -52173
-34786 -26404
-49745 34375
33741 -62960
22023 -57973
25012 -9571
59431 13336
-45927 58099
-32698 -65469
-29375 -51286
-6955 -11129
-12771 -63244
-44292 -59398
-3183 43571
-25812 -18680
-9478 53733
6204 39803
8319 -44165
42634 36475
18580 -14802
-2357 -16668
-64603 -59992
-33738 -8201
-42086 35369
-62755 -14502
46645 18475
51548 44239
2102 9944
60643 -14259
27588 -27310
55903 -11739
-2610 -8504
-28492 -56515
-40704 1320
-6714 26683
6496 -47840
35540 14289
-42705 36574
42977 13222
62228 19629
51195 -5611
64235 -64299
64685 -15168
26655 -49535
-28463 35822
-14126 -40928
22935 -35864
-47905 -56211
-32517 44239
-39447 24485
-20909 -43310
16567 56918
35391 13240
-64062 -59843
34335 -38902
33555 15259
-32609 -32699
47368 -20278
-47677 44378
60638 46600
18580 64516
-64280 7758
-4618 -22863
-43098 -3617
-20099 19450
-35979 -13619
-41305 21821
8072 59870
-37307 -46171
-40762 21485
22379 38762
40414 -23648
24951 -21492
59781 46445
3580 -27457
-62126 -11852
61555 -57591
26050 17568
-13285 -54972
-3427 -970
-5674 46147
10447 28592
22704 -56126
42520 22375
5871 -3252
-20912 -44562
-59613 -16731
-24930 -48834
-21410 -51684
-41493 -53051
52800 -57227
49309 -43001
13304 -20429
-5905 60798
19390 56835
-16526 -32247
-2700 57411
-29770 21435
-10422 -42194
-21260 -54687
23285 -23248
-39425 -54883
48528 16016
-43890 26683
-23879 -1368
41045 -21238
-7534 51246
-35153 5430
50603 -4801
-18641 -55792
-49278 -25992
-52692 55632
26648 -32059
31889 31182
-33187 -41168
46554 47867
-7790 -54689
-43281 29013
-12028 21117
-17548 -37062
62622 -38773
-36301 11132
-31055 13246
40615 29950
14086 -51871
-19975 65358
-38201 2619
19273 42704
500 1350
-18129 -9062
-49167 -65183
26543 -15493
10868 44983
7101 -63878
-43496 -50611
-50584 44559
-36782 20398
-56075 -15574
27304 56318
37298 -37222
-12424 -16360
-59121 9784
53289 -22933
-57265 -4801
26875 -45070
-6312 -48609
4913 -65457
-25291 33088
45214 53688
-15141 -17366
-63839 -29890
31234 34102
-64018 15682
-42176 -60688
-55356 -32145
57394 -16251
39249 37095
53689 -20907
58515 -40057
47212 -49958
-14540 60006
-40255 25725
35149 9994
28777 65432
-50940 7910
-41067 13009
42387 -6548
34298 63826
18454 45908
-24685 35362
2489 56079
46877 36652
-13605 27118
-27888 14786
-55611 14751
-51092 -11785
63328 -9152
-41659 -33972
10971 20113
-2997 12352
20638 20566
58301 -33102
21399 -59472
-44599 58915
-31782 -44455
51715 14667
47934 58956
-25544 -36832
17316 30298
40760 -616
14596 -52995
-29310 -42676
-31144 -15597
-8382 50572
22533 -47619
-24742 -31147
-30062 38418
15051 6679
63776 -50189
48291 -44646
15750 -33900
-58845 7230
-31318 17758
1146 36116
10234 -4997
-21481 4904
-29850 14888
52846 29498
-37161 -64597
-44570 27430
12395 163
34547 -53266
1963 55481
39664 -49326
-55824 43123
18864 50824
-27144 -51695
20843 -35552
-64721 -24297
-44833 59109
51312 13254
-54123 49747
-31041 -29777
-15038 -4141
-55755 -36172
-4981 -14665
14074 -61349
8719 63010
51421 -38524
-15545 -22063
45059 21914
-29589 42392
58079 -16982
15027 -17971
-32601 33142
-13784 8883
6514 -34883
-14610 37766
-54596 -52086
48976 -21656
56535 50989
7714 6537
-57592 39560
27748 -57726
64051 -29381
51746 -46037
-60776 8867
-59362 -37938
-24922 -23098
-6804 44965
-64019 -64035
-24741 -7788
17282 49275
-2575 26470
9648 -62383
12067 -39585
49793 24745
-24656 20068
-22670 34585
-52685 -18730
-28637 334
-50128 -41882
61608 64960
7511 45078
36575 54719
-24330 60745
-20064 -6293
44410 -3723
-15830 16831
-49443 12889
-27592 -33315
32169 -63547
-65260 61895
21630 7116
46860 -30085
1376 21472
-29266 46724
-6215 -36989
-42584 -64046
-36061 50749
-58300 -3861
23806 -15712
-10298 -41180
-35022 17262
61541 35714
59054 -7712
62558 -31224
-49366 -37012
39752 18231
2276 -38771
6629 -34210
-52134 -35871
47920 30873
-48750 -61452
47886 12862
-39680 -5940
30710 -64840
-3086 -29573
-23047 21327
-34598 32723
8819 64146
-59549 -52118
-27723 60146
-56719 16479
65142 -8751
-3538 -34347
-47991 3221
-33412 33221
-32796 18053
-2332 7472
-15273 -45769
-33816 18428
-29616 -35833
62146 28613
55500 -35888
48680 -44466
3852 12053
-58469 29980
18799 24567
58034 13006
-40153 52928
53866 -62381
16138 -38096
63734 28890
-33323 6865
37808 25667
-27163 -45938
60904 -60049
10712 31014
63885 44677
-48091 43023
31844 -41845
-55701 15447
-7308 -63376
21120 -6095
55631 -31882
-46418 -5436
35206 45938
-10056 6510
-11912 57932
-27199 40254
-40315 -43512
-60542 34162
50033 1691
56778 17140
22137 50955
32125 -53168
-735 -12711
-21427 29669
48136 39226
15029 -48852
20272 63065
47253 -50233
12903 59495
27328 -10017
-23704 53589
-9517 -44414
5143 35843
-21739 -22235
-8341 -55626
-15320 -53091
-12531 1869
49087 -5215
-53037 15506
9117 -46439
-62694 23535
19228 -26337
-43983 -5406
35955 -58566
-4742 65333
38633 -30391
-43890 -39602
8325 33711
-16870 -63423
-27580 -17012
45416 -23022
50446 -16972
43698 -35599
-42005 -27150
65192 -16913
3099 -20634
31668 -47983
-31619 62284
60375 -47355
641 -25404
8796 -6204
-55010 24427
13083 -5632
36521 28620
9820 -49285
13292 29173
-51611 46279
-32488 64831
-9482 3750
61740 -45197
54142 33541
-42689 -47110
37086 16666
-54309 1752
34510 -64552
-1805 36144
-37796 -17309
-11475 -50191
-10644 -5176
13164 -14293
-50593 4829
-10688 -21043
-30770 34526
-16264 -42214
43770 -8881
-38090 -33226
-23586 50614
46480 -10349
16560 2224
-2273 -47319
-6807 -58710
48067 -35963
-61716 -37012
17843 -9738
53328 61455
50979 -28829
40620 -14954
-63629 55749
37623 -44909
17688 22902
-55274 -40153
-22076 4902
-6965 27311
10696 -42325
-52537 -42608
42856 -25606
48799 -26219
-29399 11035
45107 44999
23412 57252
-16106 1051
49490 30003
39428 -12426
59591 43982
33064 3016
-39918 -35822
-7460 -21622
-53582 51654
995 37104
58225 20103
-31986 10654
-38910 1358
59974 -13412
-12488 54623
58127 803
31745 -12812
-38146 -54897
22466 -12832
2053 40303
-3322 -14157
-59514 5833
-10687 59860
-14383 -53719
-6060 65336
-39900 22488
-54172 -6736
23757 -748
-41188 -6384
-39932 42462
4524 -16478
37253 27913
33388 -24985
-65024 60251
-35974 -7513
51156 26118
-34388 61272
45752 62389
21141 4342
-53120 -48015
-20860 -22870
60362 -28040
-32106 -8221
2782 -9777
5428 30333
12860 -58351
2498 1587
-59191 52263
26521 59415
65239 -29051
46987 50743
-29377 33846
24964 35959
-4444 -13797
-7993 -4442
-29998 32831
8240 -49762
9023 -31479
3382 -5095
2939 63382
41305 21872
-13942 -36390
61577 -28973
-48175 -48402
52252 32442
-63919 -63318
41867 17470
25550 -5053
7243 -37390
52648 -28048
57037 -38670
-38948 38767
-29372 46184
16638 -47177
-2224 2018
-39867 -53678
22341 -56836
-55831 -6122
-49401 59784
-39697 40470
-29224 54363
53589 -17097
59865 -11432
23433 -13550
2205 -54245
37641 15241
28141 -46461
-34368 51725
-4278 -34056
-6143 -20016
36261 11180
-1843 -9846
60101 -28097
-52539 -40920
27289 -27776
39010 -3847
-3680 -32662
-3934 -16393
49799 32120
-16271 -9586
23174 -48206
-26861 13120
35655 37303
4642 -32173
-33963 -8395
-2673 -42095
-28580 3269
-55809 -49442
-45123 -40797
-23090 -3500
55115 -20192
-12347 6041
-50889 43325
60209 -10892
-48003 47291
-48205 -31244
29188 -1419
32403 -10483
-36550 -1580
-5780 -46624
-33268 -15268
43374 -50611
-47387 -46684
-27258 8755
-61123 52584
-1034 53159
49718 -24125
33535 -1168
60412 28668
-61738 41306
44110 -36882
2830 -37611
13159 17021
36036 -31974
-18347 -28226
-1745 -16000
-43193 -14381
21627 25617
65124 -16743
-49239 -26651
-37038 28605
-49860 48324
64570 25446
-53810 -35528
-36073 -31785
19167 49277
-14004 -8040
-46561 -24242
-2535 -50850
23313 33494
64543 -40183
27292 41251
49839 -41305
17388 -64440
-45605 339
-46850 63227
13371 -11478
58118 22189
-64928 -37175
51941 -65053
-7912 -64191
45122 63235
22683 26051
34468 -25752
10771 -46714
-5572 -27288
-30411 -29822
25917 49653
-50118 15560
-40038 -15910
41896 -26320
-34122 -22994
-2566 -64211
34456 -46421
-11804 14311
-56739 23618
-43450 48779
35092 52883
-17992 -63401
-13902 27673
-39765 26457
3306 15610
-22399 -42190
-9492 2953
-4911 -10503
-27035 26219
-61534 11745
58075 28036
-58896 -19562
-4418 -42273
31210 -64309
-940 -19241
-34592 -10502
52802 9852
-24292 -56803
55023 -63967
8930 -64468
-17682 39063
57888 -51781
22732 -43457
-1176 -8918
-13956 -51541
1378 -37408
4853 45704
-55677 61448
-49403 -52243
-15778 -38192
-33972 61317
12559 15563
523 20054
-4213 -21317
42571 -44272
-2292 40681
19564 9534
8084 12348
39695 62676
47358 8054
-32110 62368
-62424 63124
18221 39337
46897 56778
-56325 60052
20485 16150
14802 -26908
56729 10285
36457 -63551
-26076 -19669
33805 -33581
9128 25328
-46076 53905
11939 40580
-22570 13564
16514 9062
56425 11813
26915 53783
14203 57795
39009 10892
40088 4115
11647 11893
-16894 -19235
-37346 -9489
-55104 -58589
-60719 -4111
60878 -22244
-26115 44345
36237 -43333
62145 -40438
62386 1067
-7646 50008
-16148 -35974
-12321 -30395
19218 54931
15764 -63882
20094 -32999
-7371 30839
31575 -34833
-46650 43411
44684 -41703
-10927 -10098
61386 24490
-45481 -45069
-51357 43424
49224 -5441
13420 38687
-6695 -43081
1946 -29803
-61364 26689
21712 11598
-25483 -37191
1419 54328
58929 41259
-56347 -36117
-1846 33904
40588 35881
40144 20423
-52376 31129
52028 52920
7291 -49710
20759 3883
-48810 34232
26097 24962
-35356 43853
3845 36472
-37042 26971
-56072 33764
51414 -48462
-25373 2693
-49248 -26492
54570 20075
-26192 34110
-9228 5056
21689 62975
37806 51418
36845 -268
44750 29165
-9210 -18416
47504 -42159
-9065 -29409
53616 -52888
-762 -598
53312 -54976
-12457 4728
-31962 -62884
4388 43312
-60574 -36151
22076 58333
38968 41624
33839 -11902
-32692 64972
-42284 -21198
-30802 -4503
24114 49645
-41356 32117
-11053 682
35375 9620
-31169 -2546
26274 -40245
50120 -63371
-33474 64973
44708 -63103
-64463 27315
-59972 27153
-62809 44372
-38509 60030
1812 -55924
-9828 18887
-3800 23291
-13810 -52447
-41859 52649
56359 -35053
18947 54969
62863 -62006
-59356 55639
-61723 -21822
8660 42038
-24011 7379
29411 60207
-60361 63022
57115 -42706
-27707 2616
15769 38915
14122 5625
-33822 45122
51522 -62490
23388 -7345
53520 -64157
-53997 31339
56312 -63617
-870 55202
-15691 50637
-6493 -64485
22617 45917
698 -58066
64704 7469
-51427 34901
-59964 59445
-48039 -65387
-41512 -2718
3280 -56960
-12940 2194
38205 -47397
62059 -61790
26683 45100
-54667 -6219
9407 36485
60872 -23504
24659 12260
-39488 -12098
40780 58766
-24484 21387
15263 -58896
-49103 15607
-12706 56908
63091 -20924
-27438 28160
-19720 13035
-45148 -39800
48658 21676
49173 -47135
25285 -6564
38986 -5404
-24177 -47519
-61260 57178
-16109 -64685
-7956 -12930
57969 39290
7316 60410
62322 -21442
8897 -16624
21596 61791
37714 24162
46787 47719
-14648 4008
50798 24377
26675 29705
-52141 12627
-7510 16123
46189 15913
45883 -46242
49331 -9674
-19790 21270
24790 -51966
-41107 52203
40741 35325
-51554 -59640
-62050 3284
-33538 -49318
-11107 33981
-21072 -4376
22046 39656
-22400 30150
-487 -29521
-32269 -56196
50421 -39067
-8591 50623
10205 -58407
56412 -17165
43517 -62246
-8035 2698
-41365 -10265
59606 -887
48863 38139
20216 -18487
-30600 18799
41637 11521
29131 -8997
-7238 61632
32446 -39802
15867 3555
-58907 12350
25342 7709
25028 49399
-26614 13405
-63415 -56538
-19121 2871
4693 -61587
44398 -23414
-37164 -1945
-49235 57433
-37140 -9323
725 9537
-61686 26488
20709 46355
-45156 -60838
-23814 31798
-15606 -57143
-4508 53781
59657 -56133
39080 -2802
14746 -31357
55623 -48843
-47244 -23075
21656 29088
-13337 -26624
14602 -47387
56199 -54212
47543 -56344
-54250 -51261
-22045 34894
64485 3913
44731 10017
84 -2907
54265 45513
-20776 42411
-65311 -2680
45749 -64507
-33480 43830
26425 61346
43419 26008
-10946 39179
11944 -63073
-25519 -33016
-5457 -19867
-52133 3085
-2660 47753
-61792 16828
52503 933
-4075 25713
57930 58191
-16147 -8316
-30847 -26203
-17129 7064
-27029 24399
-1740 1501
-44931 32032
11259 6855
18614 39706
-48341 -27324
-4871 -40607
-7582 22179
44766 34167
-50817 23485
29333 -23637
31048 -46983
-56902 49111
-56346 -1342
58378 -32942
-56950 40345
-57973 45371
26091 44621
-36827 52659
64931 22141
-65338 5191
-16759 -12173
33495 -52618
18915 -11634
-35808 51544
-13827 -51984
-34825 -1386
23678 2789
35471 3988
23854 -56187
-5333 -43150
26954 -3680
10462 -56726
3882 -2868
56517 59402
43940 -42052
44628 36417
30503 -61247
56098 4063
48298 25446
5434 27757
45246 41413
-32808 32384
33599 30639
22301 60343
13986 -10025
-1738 -63808
38650 -1357
4415 55729
24586 51961
-53349 -5618
61530 -50402
30500 19318
36536 -47021
-9151 -19683
2915 -59957
34916 20189
-33654 47940
-10827 47765
-7427 -61833
-13092 37979
6289 54888
15464 51031
-63565 -5559
-62895 13814
-22774 -62636
36653 -36488
-28105 11147
-6066 42357
-38143 -36858
19130 63893
-64347 -49066
14843 -3095
38569 -58414
-51089 -8042
-21313 2735
-4447 51981
-22326 -56195
-2206 -3920
600 -42250
49683 -36619
-21436 -59082
-26117 -63839
55506 -62484
62756 -23888
-6546 53092
54012 35000
-50305 -33524
46362 34915
63906 15251
-42385 -16153
-43737 12842
-42636 43274
64573 -63474
764 -9307
4577 -60172
-29972 48875
17830 18607
-54378 46291
18178 -40229
-21269 -29923
-3072 -15398
51726 -57236
41415 29554
-20185 28071
-4353 63173
64093 46980
-13873 58559
62781 -41342
-25043 50697
39077 -27480
39009 -51656
-44498 25302
-38999 -42537
-32860 -29407
-26105 -2795
-17705 28131
-19973 12754
39109 39109
-23954 -24069
53453 7998
22866 56623
-15718 63524
12125 53386
-18184 53564
-18337 -49667
-485 39903
44384 -56406
39757 -53113
-24547 -54103
42142 -26209
-17115 -7235
-13011 47983
-24394 -50723
63750 32889
48221 -37994
52955 54630
709 -617
-41342 -19794
-6385 51334
47639 -21497
62393 -10841
-18020 27246
-22226 -46341
9656 -62441
34525 -11617
-59091 -8781
25378 -50046
6453 -35215
18375 -34687
47120 28972
-13753 15318
24170 59117
-63048 -61157
-32376 -24339
58908 64643
59757 -56738
49819 -9630
60223 15883
60770 -32715
-61164 57860
63198 16200
45532 -19105
-1675 45715
-23516 -32713
-34957 36952
8454 4500
2363 -30608
17247 57219
7022 -42962
57481 30908
-48422 -11398
63954 1651
46665 24308
61855 -61318
-61812 33908
-64767 18898
-25868 -46916
26654 -23227
-6205 -27248
17300 -46852
54458 -44376
-53122 -51319
-36277 -19793
-41095 -42075
29201 4476
38607 31853
-7854 -14981
-43397 4248
-24149 22341
36429 -51583
57472 -19346
-38813 3149
62772 21972
60326 7740
31139 -41909
42491 -9575
53251 -55857
-18562 20380
-39565 17845
-36106 26028
23528 31794
-4113 61955
52811 44401
4776 12039
-42790 21479
28158 -8918
36138 17197
-53600 17337
-14524 -39097
24448 -29732
-10381 55611
62621 -10902
-36726 62291
36107 -62118
50569 -41881
-46085 -8418
-31764 -48262
-25929 -50756
17667 -27337
7668 -51255
-17181 27456
23519 -62794
2183 -19829
62899 7672
32092 1295
12280 61762
32612 -10181
-48331 22216
-34465 61741
11275 28250
41565 22869
-54119 46798
-48734 -14332
12891 33740
-32697 -37165
15373 58350
-63756 -40168
31470 -64537
-31555 10129
-44042 59897
32119 63896
-39229 -39152
48841 4138
-29126 52873
-28959 -56843
-26292 20672
-49249 1764
-43434 -38910
42290 40790
-30149 9074
-61663 -24136
6439 -7683
17542 28326
55280 -47004
28295 44668
-43282 -11278
-22648 42809
49349 -50345
35951 64744
-25171 -39509
-46073 20130
34775 -59267
-28806 -23513
-11484 -41211
-41245 11851
-19811 -18414
47513 5333
55801 -53051
-17688 -38241
-31025 -8796
3055 -61835
-16886 34043
5652 5489
-40525 -22935
-63337 26015
-14347 28464
46509 3950
-46090 45063
-38356 9931
-64564 -59913
30571 18179
36350 12254
59271 29267
15218 -31487
51585 58770
7164 -52692
51308 -54797
-31262 -47461
65396 -60359
44149 -22239
31564 54771
-55595 23037
7143 8634
-16470 32938
-3893 12238
2332 12807
-9335 -1057
26937 36308
-53184 -46051
7507 -41212
-15786 6542
56194 31127
-4873 -61271
-14883 -43892
-61909 23830
63203 798
-38490 48068
49952 58266
-3192 -9639
34637 64981
-56608 -11300
-19281 52584
-21456 8514
9781 -8131
54084 -55346
-9268 49358
-49258 34652
49480 -1961
52837 53535
-10275 -57437
36349 47413
5518 -22958
6967 51012
45746 -48205
50736 -62105
59348 63085
-17108 -37658
15198 -2020
-61298 -24997
-44156 19733
51406 50596
-4720 47586
3468 5898
24447 43880
61788 58953
14716 44318
-63468 1500
34783 57920
-7616 -2234
18308 -22695
-63306 10354
-22585 6595
41498 23979
-9548 8438
-46367 -31887
62866 -33713
3219 -4521
-32057 30837
603 64474
14674 8398
6857 -44405
30375 59363
2582 28222
39312 35707
-57055 -44276
-60522 -1721
34722 -27450
36085 -55098
-26 20799
4089 -39721
-36348 14179
-24342 -4504
-20826 -62024
-56209 -13681
-64578 -5987
5869 61919
31808 -44989
-35016 -10116
-4202 -22665
16162 -42710
-55714 -38971
2766 -26044
50355 -29777
-46296 14088
-49977 63799
61265 22225
35500 -39737
39715 -17092
15722 43683
-10074 53007
-64795 -3326
-55557 16986
33198 -25960
-54687 -43761
-62691 -25469
31281 29579
-49123 7571
16794 -63082
-22753 45761
44445 -13508
40939 -50435
61159 -5482
57198 -43939
-8829 53387
-8014 -51349
25647 59054
-29019 58935
-56884 47227
-59318 49945
-23793 46761
36176 -49487
-26328 52765
32162 51535
51933 -14500
411 -23445
18515 -3025
-43800 -24755
50281 55399
-6341 -54097
59328 -64417
58801 -54582
61480 -58780
3344 39986
-54254 46201
-14175 58266
43260 25498
6582 18652
52658 -53983
-6346 -61227
31927 -43708
5661 -21007
44872 -63010
26372 64945
57010 43843
-2895 15740
52075 6212
48344 44358
-24725 27324
55409 34849
21085 -40577
-35307 -32296
-26390 40561
37024 8915
-103 61925
34430 64071
-41272 -21607
-38023 -52559
-3353 -34489
-23202 48965
50763 -62970
-34354 -40045
37159 34815
56664 -4421
-11120 6208
-28641 -62913
-8196 7402
-51593 17238
63082 -34585
52696 22018
-28961 -21679
35671 14056
6126 -2941
-28759 29780
60981 27932
60168 49020
-17984 11532
-63336 -7977
-31666 -36701
-42648 22639
58987 38028
-32115 -47639
-9574 7482
34475 -46970
46048 -50772
-46847 25600
-6087 -28737
-36244 -10717
-3345 -22473
-13007 34825
46730 20115
-21563 27967
34045 -9194
55376 25356
62625 -28601
-37412 53290
38601 -29966
-3593 39099
64587 -2858
4225 -55237
6483 44414
22828 -62280
58935 18199
8473 -57320
-27195 13320
51072 -45660
-3662 5422
-53484 -4794
38187 56818
64034 45825
63581 2220
33017 23882
43931 418
20191 -25320
-39186 -59677
-40343 45465
53551 -53240
48406 -35674
-19131 44586
4984 -56623
-40699 53807
42821 -20280
-41977 30576
-46924 -48207
-59615 -16184
14934 54733
6172 -59701
-288 -26537
34639 11939
938 3700
-3355 -6020
6448 14428
47438 -30220
-19520 -5285
7448 -59187
19293 17543
-40051 8325
17840 54835
58020 10392
15047 -21271
64521 29944
41053 29493
13995 -1550
-62116 -28180
-6952 -23844
-6926 -40708
-4074 12698
-45107 -54388
-48076 -973
-10956 8625
-50375 -64772
-52771 42420
19158 -46720
-25741 -32380
20835 -52371
-18633 -59327
50807 45270
-57958 -10898
-33287 61240
42995 -24127
47099 57581
-57437 496
-25839 52498
30402 -20787
-38815 -35129
-11096 -30332
-52318 30664
17966 13647
-24262 -11816
-5462 56757
56672 25779
55195 -62933
29074 54407
-24683 50932
-40120 -20309
-9078 10528
-40143 -37967
23626 57526
26177 -61769
-1458 -53135
-5146 39668
-47117 -52286
39802 27510
59729 8034
-57487 -5321
-21202 34603
6554 -28153
-19130 9398
33207 -40673
38178 59216
-63052 -2361
19188 21711
33558 57303
-18830 -59325
35875 -30773
-57952 54759
37139 -50142
-28011 -29185
48186 61331
-38658 -29774
-26201 -14844
-36839 99
-27305 -813
11223 -1313
-31900 -50845
-27217 -29531
27037 -8915
13127 -47833
-41352 16043
-26489 -62486
-33718 64284
-5285 -25678
-28765 46083
-12791 51343
4903 -28051
47107 -6070
-57207 -843
-24879 21965
60686 -13504
34922 44409
-21436 -16200
-14186 -5320
14698 57184
38097 -46032
-61250 -56994
2426 -30972
36549 -10993
47449 64202
55527 22793
-29438 44817
-14897 14928
-42333 51755
15532 50731
13868 -53875
-47949 -29873
13713 -33749
10564 43235
-36167 -27426
23824 5843
-13438 34408
-53913 -60799
-13294 -64420
4255 -6291
247 25241
17280 25105
26597 11150
-62983 -158
-24283 -58147
4942 -47915
58181 -45392
21906 65303
2717 -32400
-46638 12334
61499 -48602
-24658 63484
-33441 51117
-16169 40743
45470 44474
50338 54506
63914 55152
22556 47020
-18144 47227
9560 56494
-47908 18954
44012 -4659
-41154 -30828
38632 33004
48167 -59450
-29849 -58271
14780 6039
-12626 -27567
36471 -19453
-34943 -29356
23220 -5257
-29176 64198
-55423 54742
-25324 55655
29154 52355
63720 -3062
-41009 -41614
24538 -41746
13376 -11298
-45184 9015
-56614 -40747
51649 -15626
-25193 30988
-37911 -28513
63648 -10632
-42455 -29832
60698 18993
35297 28020
32306 44154
-9356 -37989
-2483 13757
-29751 -3302
39865 58863
-48230 58372
23989 -7855
61368 13478
41444 -128
-7480 26493
-49842 58236
47094 -22869
-16636 -15506
-20752 3870
-39389 -35882
-53715 -23489
-7798 64184
-17854 2766
-55512 23831
-63878 51820
-33774 -31762
11940 34257
-33202 4655
46721 -31160
4762 -63149
-64024 -2766
34685 -5058
42612 -30676
-29989 -41126
-24319 -23636
48495 -48961
37260 -60999
19858 -6116
-49173 -14405
-21075 -8265
-1809 -7304
20684 19158
27889 61985
-45872 -21754
59201 57000
-7535 4306
23123 8066
49044 34025
5481 16172
-14307 -30798
59513 -62645
55061 -13211
-38371 -18809
46077 -52462
-9317 -15675
8299 -34515
-14564 -19764
37318 -49212
-19940 -35903
-15837 -54827
-28625 -26245
439 42008
-35929 -46899
-23923 1024
4784 -47031
-37149 -37778
-54241 -25189
-42703 -40097
-29128 -30601
49026 -11460
60531 38351
-41943 24569
61889 44025
32034 40828
48397 41958
-36972 7723
59202 -41666
-31363 3495
62078 17077
-19296 -21521
26758 48047
-62411 -55778
-8657 -21359
-58761 62197
-58653 -36784
36144 7333
-32724 -59997
55419 18099
33741 -62128
-18100 -3608
12887 -44132
52037 4176
-48658 -56686
-61726 19179
-4648 9581
26763 27653
4447 -34765
-13302 8054
