2091
-2247 20816
-26958 -12181
-38042 -61909
-28059 -10868
-6924 58279
-52199 -28903
-49100 -42649
51602 -42781
15169 -6489
-6020 49865
4694 30825
62763 -49486
-53326 40392
-39679 -53130
-5382 20865
-2014 8177
11925 -21715
13392 43988
-45631 23484
36608 -47573
-32396 55555
56973 -16783
39177 -43531
-19422 -2391
-41918 -2127
23310 -10793
-34821 -60836
11109 -55293
-51495 22439
-49107 -41016
61007 -21961
24220 -46559
-10929 61519
-17101 -61782
-44494 -15393
62775 23076
-33722 14971
-53689 -20430
56188 -65159
-45388 -43485
62518 34316
-32902 -9294
26078 12845
125 -52968
-32878 -50701
-23588 2106
-24843 -48545
40535 -8415
2865 39043
-63760 30723
102 41299
57890 -17997
60560 47412
-24015 40207
20233 42773
42305 -51069
-8587 49826
-51845 -35966
9470 -24867
34344 42695
-64709 -52922
-25952 -31907
29995 32401
-14795 32810
-41220 1789
8072 32963
-58781 -11785
44402 25521
-16226 -9680
-11746 23798
-60139 29004
-51637 18613
-63442 8647
-2497 -52466
-51881 -39079
48741 9561
-29482 7126
54983 -17699
4176 33192
35877 -64295
43100 13263
56025 -58473
-54943 25567
59783 33146
-4494 -65341
14534 51107
-49302 -51713
64369 32768
-48864 1773
45023 -27989
2962 -42281
4562 -12127
-64317 5191
8215 34825
2070 -48724
47382 15169
-64803 51790
41108 -57609
-22325 59197
54118 -34777
13298 48585
9987 -43655
19714 45687
5071 -56220
-53096 44315
-51814 -44652
9018 -36011
-19838 -45749
-38408 42477
-1729 43271
7072 -61969
-61179 -3931
20552 -58071
10587 61185
-1884 10952
52750 -52446
-23955 26497
48808 -13731
-39753 33725
49826 -21348
27103 34192
969 -63099
-35313 -8641
31162 -12785
-32144 -13799
-38784 -35318
40288 -53518
2402 46907
13043 20488
-46585 -37574
39799 -23553
52390 -47389
39398 19460
25889 -23774
52346 -23340
-33510 -31363
28910 18466
-988 -44781
-35021 -2755
-47068 -48629
-33662 18406
-24434 -5006
61379 -55308
-61437 -52258
-28310 49595
26544 -15647
-33126 47807
33860 -34150
-33733 63177
48282 65
11036 14102
-39842 -50794
46608 5595
52568 -36735
-28795 47464
-52209 -5907
-46895 34091
25736 -27610
6678 29528
4535 57142
27198 52734
47677 -5730
64384 -39668
45526 -17092
18399 18936
-61546 -62449
-7814 4822
-45939 -61683
46535 48581
12623 7151
-8977 15844
59002 5353
23036 -61671
-61086 -26271
-60898 18165
52080 -30501
35121 -32780
63948 43935
-63741 33282
-8271 11257
-63962 12393
-56629 -10873
-46294 17277
17985 -37498
1842 17020
22536 -48756
32266 -5640
1363 32273
-30089 -47106
12641 48633
34470 -47554
31064 35867
40871 -4369
7847 6766
47587 64699
-52782 62064
64843 43674
7569 -22891
-28400 -44091
20944 44778
63969 -64960
9480 -11138
3707 -21694
-20802 44424
-49024 -49851
-20962 -60884
9951 65415
2900 29804
2346 18072
43446 36193
24887 10231
22169 3162
56917 53824
4781 21757
-3949 9654
-59166 55933
2892 2735
65449 20153
-51310 31263
-19382 14823
-37625 -11455
-63817 11618
-34764 -31832
-47776 42753
10198 -19303
1406 -4613
-13579 13615
-27674 -13503
55639 40400
-30290 37027
-32038 49798
63244 -31429
47924 57833
10875 -6212
-12483 -60808
17600 -17339
5292 -60565
-14524 -25527
-56700 9956
-58657 14945
5431 47394
-26137 -19725
63161 4026
33817 36860
46532 63614
46001 -43124
-44687 50064
1721 47961
39045 -50598
18664 2410
-63706 -24205
-54797 30485
-62292 53527
19847 -26576
3634 -11748
1749 -49818
-57023 -59930
-44393 54465
-21697 50491
34900 22827
16316 -31408
27846 8350
61880 -8159
58384 47493
-61813 -17203
-12072 22008
32465 -53672
44532 -55377
27741 -59743
-52 22875
44520 -28419
58988 53263
-43312 -20134
-7285 53770
-16379 65169
-64489 -32342
45068 -3026
20231 -57502
15726 -39118
-48235 -24969
37373 60001
60582 38476
-57862 47963
55704 -64799
-4534 12242
-744 -42081
-36537 -13253
17729 -15489
48056 44547
40241 22405
-50270 41204
-54258 52635
43542 38072
-41549 -44290
59335 57461
-42367 61557
-18387 76
42977 -17641
41678 -61012
23123 -54761
29467 -11700
-51569 -55149
14279 -38481
-33902 -36850
-17791 54267
24163 -29668
57773 -14448
-51527 -2536
-10977 -13229
2242 57873
53168 39680
-8848 49919
-4190 13535
49462 21296
36897 22795
-53882 12842
7258 -13283
-23778 4777
-6063 -29672
-25167 50924
-24659 13530
-46631 -34769
-15780 -41884
50975 20281
8927 -34273
28978 11746
-5516 -48812
8435 -15074
26013 -63477
-33892 -8373
-26398 -62544
-34767 -10250
-60858 -39839
10175 24715
48964 29073
-57561 40128
-2284 60755
55964 53509
57592 -47909
59946 60780
32328 61696
-38340 9355
24163 61720
-30929 62322
52272 64591
4700 15554
-22692 53579
11824 24859
7192 -39722
20996 -27942
-330 -2802
11514 -13677
-24376 28257
-54946 30363
-55633 -64206
63491 46998
-5515 50326
-5000 52224
41241 -8189
60762 -54869
59751 260
-40903 33283
-25824 23045
49077 64708
44539 36510
-53224 47321
37451 48030
-44782 -38504
-24391 -42639
44948 31755
-37128 -39972
54230 -37428
56036 -3927
-58720 -65175
17244 18175
-57010 -28781
-47134 -14423
42651 11650
-31088 -33864
20106 -2554
11556 -33992
22158 24820
-50128 10916
-19562 33118
-30178 -50513
-30832 37777
-32498 29823
24451 -44400
-33050 -51096
55354 40255
5943 -24225
-4892 -29112
22982 -22212
-40079 57416
-48716 -22902
-56953 29050
-20303 -49373
-54403 -46659
-24879 -39890
-3114 38361
9491 -35889
-32738 -49156
-63039 26972
35070 -54896
-26096 -34426
41365 -3794
-22262 17322
-8277 -54781
-30071 -11798
63796 -38841
6913 13278
63648 -62727
22758 51747
41303 33572
13804 -25819
54915 26972
62242 -44492
-64657 -438
13478 1296
43182 44288
-31349 -54506
-30936 17226
12409 -64427
-42047 35783
6467 49428
12498 -26018
-53326 21878
38032 -53152
60094 -18950
-6887 -32489
26124 -43478
-40274 12017
45095 58053
35190 28009
-8750 58860
-60452 34343
7744 8675
-13864 23302
47386 63279
-1714 25831
57647 59549
43433 -58157
34909 47817
-32887 8602
-54835 18683
39573 58800
-47165 -55134
53280 -59144
57608 -48234
-36418 -18189
-32700 -37757
63991 -11677
-5148 7395
41724 51194
64901 14754
-8341 57064
19686 -2651
40068 -15455
-53039 46343
-31717 23360
-27108 10465
-15510 58088
29677 47861
-6732 -56806
-15619 40622
-11054 20514
-14684 26541
-39736 -8190
-1799 29841
15541 51252
-51563 51831
-56478 -2599
17373 -21625
-43686 -33903
-24655 -42514
-19587 23427
-2795 -49683
-49554 62220
-63613 -60568
-55574 -64367
-33661 62910
57109 56101
-51426 -52600
-60271 -64588
-205 -33225
-45842 -10377
-61453 1042
21096 -36673
-57841 45143
321 33862
-15104 30202
45936 -26593
65326 33010
-19737 59609
-31352 41387
50685 -42943
61933 4024
-10830 58049
34388 -33120
-10112 38867
-52303 33566
55564 16955
-27220 -3080
28858 -22222
21743 38928
34224 -47189
65354 -61762
-39191 63813
1472 2673
-17310 -20338
-42421 -4344
-39498 -42171
-18490 30720
1591 -20898
37414 -58600
63245 -25119
-20391 22689
64120 9907
-55038 2748
9356 23818
23876 53459
-6162 -6101
-37846 44676
63317 26308
-13014 -1988
-55216 -45887
-11524 40793
19106 -5780
-29864 -62239
26782 32767
56614 20149
-25598 -57750
-60673 -64181
53145 -58413
46343 21497
-24748 5051
-9795 -35953
-62048 -62737
6730 -46511
44596 4449
-48875 -24443
34742 50877
-51131 49458
7483 52816
26358 65379
44069 50629
-61363 -38947
58538 -27970
7969 46083
41664 5344
-33285 20089
-55620 -1053
47895 16204
47985 12275
-60260 -18499
5694 12988
45558 26426
4043 11524
-51201 36014
22768 29842
-8404 -38600
18523 43750
15460 -6630
18383 -18329
7027 61626
-59330 2816
35177 18973
90 17645
65028 -12242
35140 9867
-44388 -15742
57702 -50044
39058 46267
20823 -43127
54448 -48192
-48272 64085
1979 -2510
-49909 -28091
-27523 -48769
54671 -4629
58877 -5672
-60011 -13073
-19532 33499
-48337 -45743
-30211 18081
-32759 31264
-24701 53073
-40349 -49350
17823 29296
4860 41875
40530 17166
63475 -2599
-35759 2974
56294 -21053
50998 52908
5317 -51691
7854 -40783
38637 62722
5900 -34190
28997 29396
47226 8801
8858 42095
-22209 -30561
-2539 40072
-24849 -32340
-15883 -50159
49006 -4209
-15010 -35944
38073 -39649
-21019 -44827
29917 58428
-48759 37358
64134 30260
35882 57991
-17203 -49494
-19654 3137
643 841
-41601 -53197
-54868 41493
-42909 -60240
-26899 -5599
-33800 57691
39592 9171
-14931 56499
40695 57261
54813 -16424
-36471 63750
-42410 -8004
-21009 -16236
-13444 30331
-11880 26268
-58079 62154
-14687 26882
-56028 -33474
-52891 -57407
-42657 -17629
-37144 56695
13812 46289
30073 -57369
1578 51896
-12566 -17236
35862 -2968
-40367 -11930
58593 52855
-56121 -23091
-61012 -5166
40889 -57612
-17582 28518
3483 -49902
-34464 -6640
-35425 -8880
-20209 40904
-62965 -52108
-36879 63460
-25778 -7382
-28173 13793
-65089 34446
-52600 15859
-3267 -19994
-7041 -20367
-28767 -51796
42027 6221
41025 -21594
14062 40056
-9442 -4372
27851 61929
-40139 32044
-32237 56456
-26103 -1608
6032 30996
-64003 676
-35637 64063
24315 -10934
-48797 -958
-29003 -38393
51945 -33625
-35866 28763
-11649 -15257
-28741 -7918
-37615 49858
-60662 6430
30923 -24952
-61436 -55082
-46416 42519
23038 -56606
-60508 61013
-34262 41730
-62808 -40963
9435 -41096
-38522 -8512
52815 -19825
58031 3916
53272 7897
-6386 64095
45885 -52123
65478 -22661
50523 62026
-50734 -57088
25217 -19811
1927 20232
-64769 13648
754 -27
-37060 46456
9094 -45649
18475 -44808
38274 62708
31271 -55405
54224 -56820
-14568 -62876
48259 17084
-40100 4544
-42815 31175
-56592 13813
56786 5993
-26075 40767
2855 59129
-12199 30292
-43078 -9879
48333 58029
15829 51474
23724 -18229
62156 -36848
-52486 -16028
-11585 -32488
53212 -33386
23525 -37165
22558 -24470
41739 -42056
-773 65519
50696 25155
16413 33769
7928 1235
19723 38949
37132 63063
841 62968
-42258 -40985
-44486 -8421
2883 46514
-55573 50803
11578 1163
-44668 -273
3973 -13540
-46069 -61208
9232 -2420
58602 17234
-24410 -45255
-43361 -64801
27051 -29707
51509 -61703
884 -29329
-11753 37659
-58710 -33657
-20003 -48069
44234 -13446
57592 39122
-41953 24750
44688 -54915
11801 5057
-15996 43853
-11495 -10794
46426 -2096
-25824 26441
-51719 -15921
-45306 37316
59617 18662
6212 55707
-2569 -63889
26161 61996
-63298 15555
24021 -33616
-1340 33577
10497 53512
-45568 -64525
21543 -29021
53078 57705
-53009 -18203
-32119 20422
-16749 11762
-60584 -57773
-56156 57397
52035 29522
44100 -19985
7749 -25093
-921 -50508
-24105 55758
27325 -25634
-29390 33404
7576 -57463
-65206 -18685
-10314 -1102
-19008 -44677
-12025 -8951
-64422 18980
-42036 55469
33718 60867
-35135 -45346
60439 28864
49877 35282
36292 58639
22735 28033
-31184 23060
21801 -12495
-622 -4933
-47954 52780
57326 -19884
44362 18407
5036 19272
-23011 -49759
-1076 -40079
50069 -8146
22938 53973
29851 56233
11088 7440
55287 3854
-48013 -46532
-42412 25004
14998 20997
-45091 -19024
-10336 -29240
-12099 52599
18638 54916
-39740 -14036
-17811 -1386
-24658 -59914
-25947 -56036
-41113 -37072
62937 20419
-38890 -64478
43127 -3070
-31139 65276
-32288 16276
7234 -51115
-25214 -1805
-8858 -44106
27186 -95
-6187 -3622
-44495 -27841
-51203 32638
26918 38094
60014 -59749
-42704 61712
-37671 20158
14789 -1722
22260 20111
27179 -41770
-38780 57889
-13005 18173
20801 1720
37564 16399
-6555 -38518
-29080 -47356
23703 41428
22060 49222
1975 48991
-34734 50790
-22588 64981
-43346 -42201
-37710 47093
12269 11642
49874 20103
-63320 -7139
10478 18072
-7343 46867
19884 -32658
-45242 42555
-22131 -64692
-24442 34795
36942 60439
-51019 46150
-13440 46782
30786 -7750
64292 62132
11292 -59952
23669 40672
-52661 22967
-41248 23813
12936 -49115
-62330 60735
14319 -20041
2884 -49403
9271 9499
-2579 -23550
-25507 -26736
25139 -56564
42715 -25116
-15153 -60527
59745 64698
13217 19648
-24420 14683
55963 -40209
38268 63318
-48193 58562
-8641 40905
61646 16988
24494 -43522
60005 -29792
-22844 -50414
21498 64304
2353 9928
-30954 -6440
-6695 38986
24782 -10561
53457 -60770
-10272 -45262
-33727 32814
-45200 -53197
31696 37043
37773 28690
-10146 -64341
28028 28281
-61666 49842
59212 -33231
-2802 31449
13300 -22656
11011 -57647
14929 -36642
3491 24544
-55403 -26402
13459 734
41862 -26410
-55868 -34545
58116 4857
-9546 9542
-35836 10738
19192 -61931
-21704 -28792
-21877 22466
-6591 -37668
15745 -49455
64545 50532
-42318 14555
-46272 -33173
30412 53197
44716 54728
-47644 -50707
8021 -53507
43478 56748
2928 -29789
55969 28629
34529 -12526
-9724 35902
-8321 58622
18530 36765
4121 7689
32541 -59126
8341 48707
43972 55132
-30431 24517
-26310 19767
-46907 33261
-62258 -16734
2316 -44461
-33303 -49587
5660 -21799
-38513 -33010
23992 -64376
52779 36210
-36001 62782
28671 -31275
-50003 -10096
2017 19481
-12869 -8776
18024 18087
-4517 -33036
62444 36199
10641 39116
-34180 -58215
37804 -32764
15708 21716
2245 -3328
42785 -56441
30242 -44332
-57811 32911
13323 3822
14598 -28392
8881 -20038
16925 20250
1428 -4240
-7922 58098
61555 38622
15441 -18694
-50203 -24224
-17758 -37892
-8047 -19694
-5229 -37787
-9092 -55156
-34065 -11237
62460 63257
63985 21402
-110 -6681
-32402 -58821
38024 58584
17893 -17602
63306 3834
-13486 59213
39588 33507
-42396 45190
-45013 31286
51876 -58764
-15583 36151
33716 34988
18020 16994
46086 -57357
-61743 38492
-39040 31756
-7467 63067
1863 37135
-49466 47648
10801 28012
-65417 -13310
-22683 41742
-13137 43297
-52061 -371
55526 -14044
-12330 -62134
-45001 15631
25431 53368
-16955 42948
-41389 -40088
28423 -51343
20684 9750
7446 58780
61578 -58674
15704 46096
55081 -55833
-1534 32289
7207 -31272
31224 -17893
64563 -9599
-60800 -35948
57640 -35590
-38109 -34017
56397 -57751
38665 38517
-6531 -43516
-41013 2865
50134 64835
8916 -24024
21230 -2774
17387 55999
-14249 45174
6061 37098
-34327 -15664
60046 45754
-3476 -47140
62091 -45859
31805 -63250
-19091 -56841
27164 -5140
48423 -61845
-30107 34013
58321 -40659
-54531 -42066
51443 -51663
14592 49086
42600 -35481
-4829 11073
-42004 52155
18348 -52480
-36621 -60120
-3680 -5315
-45303 36051
-26903 -19695
30302 -33961
-27756 46447
-58517 -60446
-62436 53168
42715 -35811
61795 54744
17634 -5878
40520 -4928
14206 46259
8561 -36215
13444 64712
23634 -6197
40220 -3962
-6818 -15708
52713 -11704
-63825 37275
-7066 -17711
13944 -32730
-52792 -47945
40311 -44609
32006 -51222
-11173 -12861
-50388 -40699
-8493 63474
-48450 5682
-23208 49510
-58954 4695
20773 42757
58777 -11157
-47905 -14523
-32187 -17289
56224 20457
42931 -26086
-29328 -55931
-12987 -13010
33911 49653
-34484 -21056
-24637 -48323
-2949 62311
-48798 3036
-47842 -50398
22672 -56812
-56769 -48831
-62259 -21746
-18625 48620
-37805 -60286
59698 15318
14287 25438
-22753 60940
10033 -65145
59942 -35403
9759 -21221
-57533 707
62435 55920
-53118 -51057
17373 -53266
36075 -19569
-16255 -14869
5915 -41597
-34922 1485
24956 -30259
-27252 59593
64339 -48416
-26214 -13922
-51495 54650
-26861 43985
56421 -56240
-21822 46694
39034 -63179
13326 58402
-2104 -35988
-59450 -50338
-20540 -59261
-3215 -53228
-43646 35140
10779 -17102
-27314 -43833
23172 -7138
28863 19670
-27557 -19432
-28446 51258
-40287 56585
56817 -54320
-6574 45223
-60966 25716
41273 -19194
17282 34049
-30812 18113
-46019 27796
33242 39378
-16498 32163
36073 37809
-26377 11830
-56482 -15464
-46864 -45494
-33019 -61222
37182 -45654
1179 -30224
60272 42474
43421 39150
4324 -48325
18339 7694
48987 -64086
60833 37924
25375 31085
3425 14312
-64365 -4307
-482 -51109
-43512 -43518
35813 31048
-15243 19492
11680 -49389
-13494 -26630
36627 -34267
-65388 -31807
-43133 -26383
29458 -15948
62398 51077
-27286 32923
-3578 24717
-12778 17250
882 -22377
-47851 -36905
30420 -9964
27486 -46836
-9562 15852
-61657 45884
49116 20036
44147 59663
-43863 -10442
-38477 18245
-48647 25316
-64632 18497
33269 1926
62744 2615
-17460 15778
46677 -51829
-25398 28052
35489 27163
16109 28708
42604 -38650
-9937 -39778
39237 -39703
60099 -46579
33245 38210
14978 -33946
11342 -60644
-31896 -54559
-27629 -42680
-54559 22568
684 43264
-30474 50864
48124 -9282
26048 -38248
63179 11401
-17410 34067
59682 -42980
-31272 -3481
-47225 -31901
36807 31692
-27870 -56832
65354 -5071
3545 -8662
-27359 8995
-447 -21952
3181 13214
37083 -49763
42466 29884
910 63374
-64542 -63182
29262 11488
17741 5595
36181 -29486
-26528 -17546
40041 -44619
34914 11930
15905 40209
-41660 42810
-17855 -879
-17216 -17614
-6385 -6720
-15422 56235
57803 36273
-53082 -57743
6290 -28454
-52666 -61660
-11613 -32381
51145 -25370
28871 5035
62341 -30282
45622 -55790
-14314 59895
10702 -3329
-32924 -30369
-13657 -28407
29633 18157
16081 -54075
42316 -55013
-22071 -3871
32602 53475
57258 -46809
-47207 28029
62990 12205
8473 9612
53 -49432
-46388 -55680
37448 -21768
-57042 3601
35256 -34515
20928 -46664
-41810 -29239
-9307 33149
47509 -15290
17300 -46622
-17687 64344
-40173 31420
7813 -39034
30739 27689
22780 6827
-23210 -6621
9217 33858
-50144 -54902
-56561 38675
-34349 -39759
-48386 -42907
-46902 21689
-3282 40402
35104 57083
5572 6499
548 48268
-56617 60655
-2991 60273
4822 -36764
21567 -33812
1817 36527
43777 9466
-28777 -27182
5316 -15824
-14952 51407
18770 -12825
23570 28546
27270 -45865
27309 -12481
-27151 -42032
-60231 35843
61197 -7846
6863 53422
11602 -48132
36204 -17987
901 35751
50239 26982
-53285 35626
-985 -36083
-22021 -39910
-42354 40727
35255 -46438
-32278 -21977
29894 -50548
-29447 -49421
1987 8431
18891 30172
52528 -35720
6831 -36702
-7059 -25648
-35942 38904
-53923 22109
8707 -5700
46796 42867
30541 33183
-28217 39114
45898 -4102
31155 28221
-22700 -60428
-45093 17886
33078 -9971
-32176 -58859
41464 -29157
-48947 -25024
42768 40751
-44125 -4734
-18761 1460
-32607 -12798
-3513 -20699
-16891 3427
27856 27478
-10146 -51161
40966 -29585
-44292 26130
480 -62849
-52069 27868
64074 -53894
42679 33679
-9318 -55163
-53652 -38780
42918 1595
11197 19668
12396 -39985
30744 -24212
64723 -38967
15099 26777
-2708 55353
51801 14006
62406 2351
-60274 -46869
33768 -11021
-18738 46071
34513 -45057
20911 9229
-32947 38176
4987 -44900
-42611 -37708
29886 55223
317 13838
59189 -11395
-2986 1863
2604 -61992
-16753 -65314
-48701 38400
-21482 21297
-23607 -34384
-29786 949
-27897 7193
42856 -52587
-25647 -26995
-49454 19203
46018 -48355
-43155 14828
10679 11348
48172 63440
-12716 13313
32974 36356
-30109 1419
30584 -36783
-59523 48203
-14825 -18138
11362 -20296
55933 47764
-10563 8163
-13944 4035
-13460 17024
55793 2213
29507 -36209
65426 -60106
37305 -18636
-8731 1999
-15400 -24740
-57739 -3352
-26100 32956
-8668 10855
19815 -18128
19007 24266
-35049 -14850
61455 -59399
-14071 -35613
-59299 63180
-43780 27244
17794 9980
-52353 -16394
58988 53948
18378 -12169
-1703 -35168
20875 -41485
-2232 27453
58877 -53410
-49785 24201
-38041 -28132
-48091 4942
-20695 64344
-51257 -30931
21394 26028
-10993 15007
-7637 43206
55676 -34056
40052 -32222
-50146 19696
-18156 24365
49279 18439
-21060 -26093
18082 34818
47276 -3406
-53335 1668
-54258 40515
15058 15908
-27829 -15385
-3521 -36161
-18465 -12424
-49037 52091
6823 -65363
39412 -5305
6548 12183
-49348 30683
-28936 -10163
-2382 19321
-14872 -3205
-61231 32976
-31455 35406
-20690 -53898
-5409 -26682
-48856 13623
30055 49633
-20699 32261
34089 4243
19397 -8878
21359 41912
36466 54772
-62280 29560
-13344 -21590
-62 -4866
-55303 -10691
15119 -46288
52407 -64246
-12953 3246
7202 -36549
59282 923
-9459 -19474
-47806 -46352
-37157 -31613
-29752 -34313
-58435 15520
-47612 -34410
14114 -9173
-39528 39445
-61915 58767
-58562 9553
22410 -5177
21719 -9889
-20761 40771
-5877 4149
39993 65364
1693 -31756
-55412 -46254
-64672 -64427
-58076 -9009
34443 -6542
43962 -16068
61890 15868
-25194 13779
-45720 44292
21286 39478
53692 -6705
18887 9847
-43742 37540
-58310 32157
1602 -616
-24915 13448
9939 32060
23268 -4916
35979 -62494
-65411 -19675
58439 64057
-20417 9639
-15500 54805
-64870 28460
40723 -30026
-40566 -53973
45461 -41081
6807 -53892
45600 -59284
-61341 -43208
51769 21706
-10760 -52552
50085 -32719
-45718 -6630
27157 -43211
40210 -52945
46982 -49843
45008 29557
-3480 1995
-29738 57672
7193 -18121
1839 3204
32464 38467
-47994 15703
-24691 41788
-19371 -9297
-36683 31541
21621 24599
-49061 -55763
41205 -35802
-21507 22205
-40328 -39790
5592 -23813
-59053 23267
40453 33444
31441 34896
-15004 3706
-34818 -49646
34526 -44183
32392 -3624
17083 48638
7058 54597
-35413 34742
59037 -29748
22941 39768
-612 16953
-39664 -19170
-32498 20352
48362 49592
26401 -584
13913 22432
-3125 -48665
-31949 49373
143 20647
-52517 -35845
-28791 -45713
64552 -22086
5865 46674
15892 22756
61834 -61530
-7334 -43291
31476 24165
23977 -23458
-11585 23431
-16904 31672
-28588 31180
-29870 -18978
-6706 10443
48310 60374
26076 1032
12997 50015
-58775 33763
-52116 -1340
50676 -18227
16317 -63422
27113 -32625
62681 43523
23507 -23347
-1552 -6673
-21426 37525
-56943 52341
-12376 27006
24532 -25607
11124 -60571
3119 -14723
24859 -50511
-59615 -50053
-48359 -23368
28332 -8640
-7144 46001
-8337 13181
47843 41659
-7221 -61558
21987 38408
-25393 -36928
17322 59721
-50463 45684
42830 -64468
42628 56481
4398 5586
32856 -37738
-55670 -19504
-35500 55335
-55578 61271
-60544 -21349
-24103 11299
-48940 -27750
-9657 -3012
48840 63836
10362 7237
-33212 -55749
56335 -163
13482 -56166
-43302 26172
44854 47361
-56962 55238
-47276 59085
25365 -47381
5489 -45533
-11549 57679
-61105 -20829
7535 33567
-64685 3895
-23618 -38638
-9121 -45000
-3182 16180
-53641 -11095
2427 53770
54424 -43374
12922 34683
-31092 15802
-6223 24621
-282 -24979
-53456 312
-21877 -61801
65225 -57816
-45867 -192
43764 -59681
-45814 61003
-54454 43984
-37278 30411
27492 64046
53258 -15226
-24047 25259
5439 30390
989 -51893
-13810 -49190
-9906 -23448
1681 -44475
33428 35753
18734 37965
2992 -1115
-31207 -52195
-30990 20120
-48779 23337
-60052 -25846
-19604 -56325
10025 23032
-20130 -10317
-4527 35579
-63049 53405
-30199 34620
54746 -17821
-16362 -35694
-46442 59596
42615 42511
14116 15010
39419 63583
-39354 54326
-7000 -56536
52968 -8216
-63839 -21448
60683 -62213
-33530 1175
12013 6813
46306 -57653
61890 19669
43322 -57854
32204 32466
60569 42528
44063 -9211
15679 43779
-19826 20903
27678 37426
23607 -54156
-10463 -48032
18135 37650
-39216 51616
42297 -60498
-42698 57248
42058 -21240
-2053 30892
-4428 43517
-53152 -64550
-52832 -14546
64961 57103
27100 2666
-18020 -48170
-26101 61941
-30985 39162
-62689 32929
-49345 -46297
25049 -32308
35959 -26968
48337 59675
53550 -37305
-42051 40070
-44135 -437
55454 27519
-39655 3714
21406 21225
38436 33423
41873 -5358
-32151 55716
52662 -3724
62719 13273
-34348 -36178
9127 -43887
60946 7284
48732 7100
-20440 -41519
-54384 -49369
-5304 -21497
-25839 22257
54035 1391
-24862 28751
1277 44513
2710 47318
-15150 36846
-8415 56084
-23125 64745
-43147 8385
10879 15808
57314 10225
54428 56982
31933 15102
-64144 -38860
60623 -51938
18029 -36482
-13956 29822
25996 20397
-45131 4437
49977 32813
-30832 42954
-35359 -28980
10414 650
-43404 -28319
-14121 52652
34583 -59761
44156 -45375
10386 26747
25726 -50589
-506 -31732
-14319 55396
-45793 39381
-6602 -25059
36722 -16434
15882 -23388
56168 -42147
50752 5154
-37277 46345
25961 37575
5981 -12735
48487 17571
29210 -33414
-36739 33416
-48701 -55588
22613 45157
-60699 46455
21130 32962
11663 27371
-60671 21903
9664 -28620
58852 -26181
20032 -334
39603 40919
21554 19095
3521 -64894
53594 -55330
-24881 28316
-19363 36016
23177 6538
31416 48248
-16967 18783
-40233 7
-43033 -6978
5048 58811
47879 -878
18516 -47374
56649 -22658
24755 -8844
-49664 -64727
-38340 -33101
55127 41699
-12318 35922
-27380 -10157
42380 16742
6290 63480
36708 31953
-59900 64146
-21463 25606
-56040 -11657
-27442 -683
-54721 -31622
-62658 -45491
3486 57383
-59297 21021
-6229 -37646
-45239 25427
827 56845
50071 -34815
-53369 35926
28363 26927
59132 18508
48521 2125
-3321 -60364
1976 -49583
-24488 -15146
20558 46579
-4650 63017
62435 29330
16936 36930
-48822 7581
35558 -29933
29095 26771
-39265 -30496
41067 53868
-22024 -19462
30247 -3264
48320 22975
22801 -2240
-45660 -19628
55120 -21289
22367 -6595
43087 56283
-35295 55750
36861 -38528
-53092 44939
36779 30563
47706 -14667
27932 10453
-17811 -55515
49301 18633
-51233 -56953
46648 -31576
149 -62945
-16987 39641
39585 -23273
-38783 26207
-2926 -107
-45091 -11554
-16824 -3736
60460 -4926
-53158 -16546
24513 -9021
-54869 60641
-14633 -52533
53918 -56111
-12997 -52376
-37834 -17781
-42992 -29353
-7668 1227
-8845 58663
49600 20806
47145 34722
-20450 -52348
590 -50150
-35884 4231
15969 -45538
62127 41511
48703 36366
49780 1215
-46109 25138
-60181 6531
-35804 55873
-12193 2255
-44521 -524
-56569 -5552
-26589 -39437
-42289 -45626
-59841 -58356
33050 -3050
-41169 -51200
-1415 11060
-30449 39054
4546 -27027
24125 -51712
20287 33772
18307 10168
-6164 -17486
64133 -57429
60818 24196
30205 -41097
28289 46899
-32330 -16639
7186 -3662
-20203 27232
37532 10923
-33635 29691
3896 50623
29493 47111
-28495 20323
60146 -33190
45443 -64631
36582 10403
-31517 64162
32934 54740
61518 -30216
-31294 -32964
-60386 18942
-35302 29932
-17149 25926
43183 30088
8887 -38673
-48573 32571
46051 -8104
4498 -36045
-19387 43616
28393 19605
25955 -18865
19703 60334
-6186 19813
13804 25788
-18633 -59729
24365 21196
54500 -38106
38752 -32696
-38251 -29700
-46267 23494
8760 53917
-37556 34782
-19472 61405
43516 -6891
-5502 -3991
-53734 -53111
17601 37376
-59280 13393
-44566 -61371
21050 58145
45887 15564
31323 4031
16128 13514
21807 -17400
-9548 34259
27161 -15957
-39657 -51230
57065 5713
-11691 -42365
35943 -28371
33376 -2901
-3195 -28329
55111 -42889
28839 15271
-57314 -28620
-32825 -14912
-35785 13470
38815 34084
34488 -19109
52503 37187
12995 21766
25896 -20669
-48427 39873
51299 33774
-46033 39452
-63824 57737
51863 -35130
21832 -53654
-37547 21735
39648 -9291
51265 44972
42385 -14692
-39327 1539
16219 7082
20262 38581
10640 -5222
-30536 26182
-35474 -34629
-24497 22346
-5404 -13327
30569 -17761
-64841 47952
-18860 -34824
923 -37338
-39045 27868
-64966 6458
62186 -60499
44438 -46361
41809 4524
-9131 -47597
5716 31328
44801 49082
-51855 -37794
3431 20080
53234 46661
-2037 14840
39120 11647
-23349 22251
-49429 27489
30741 31093
-19966 37083
-37511 -50071
-35417 57733
-56979 14232
63919 -22911
-43869 -49808
22630 -9431
-32210 -15865
-14721 -64513
8681 20195
30918 17276
-54688 63468
2506 -35453
-57003 -19440
-10636 27180
12655 -4332
31579 22837
21600 -62705
60971 47600
-27719 -51384
-62387 -6370
59647 -64589
-439 -38655
10698 42694
-16046 -65140
-89 39938
-1350 -32163
48591 2736
33562 -29004
29337 -56595
44001 44134
-3394 -63916
-28182 39346
-28217 -48077
21572 42622
31500 15342
-23955 64122
-15461 30076
47752 36758
25127 55175
40624 -39397
-59554 -50147
51864 -49050
35234 12543
-49065 -63225
37341 -60011
-17209 -44851
-17427 -5423
-12403 15196
-32252 -52025
1772 -470
-15401 57567
-42268 45628
-28554 -4369
-54190 -24722
32335 -40537
14826 62595
12917 -29374
46295 23512
52 21538
48850 46605
-8125 22538
-64774 -49872
25276 -34047
22400 -25034
5887 -48755
22238 47053
-38840 -40061
39342 -54060
29679 2511
23836 49283
41685 -51572
-32394 5878
-54592 -46914
50586 39075
51803 63218
-26855 44175
-43269 48392
-37452 62934
-17574 -51265
